Chipdp
120 0 0 2 16 6 4 7 9 7 10 8 9 8 10 4 10 9 10 10 11 9 11 10 4 7 6 7 7 8 6 8 7 4 10 6 10 7 11 6 11 7 4 7 3 7 4 8 3 8 4 4 10 3 10 4 11 3 11 4 4 7 0 7 1 8 0 8 1 4 10 0 10 1 11 0 11 1 4 4 9 4 10 5 9 5 10 4 1 9 1 10 2 9 2 10 4 4 6 4 7 5 6 5 7 4 1 6 1 7 2 6 2 7 4 4 3 4 4 5 3 5 4 4 1 3 1 4 2 3 2 4 4 4 0 4 1 5 0 5 1 4 1 0 1 1 2 0 2 1 4 7 0 7 1 8 0 8 1 4 10 0 10 1 11 0 11 1 4 7 3 7 4 8 3 8 4 4 10 3 10 4 11 3 11 4 4 7 6 7 7 8 6 8 7 4 10 6 10 7 11 6 11 7 4 7 9 7 10 8 9 8 10 4 10 9 10 10 11 9 11 10 4 4 0 4 1 5 0 5 1 4 1 0 1 1 2 0 2 1 4 4 3 4 4 5 3 5 4 4 1 3 1 4 2 3 2 4 4 4 6 4 7 5 6 5 7 4 1 6 1 7 2 6 2 7 4 4 9 4 10 5 9 5 10 4 1 9 1 10 2 9 2 10 
Chip#1
105 195 265 38 188 11 213 237 264 219 96 163 0
192 367 281 44 196 27 461 357 264 260 130 165 1
200 407 299 49 180 11 389 357 264 260 133 164 2
109 195 264 36 188 11 261 245 264 235 97 155 3
154 219 277 53 196 43 549 493 264 251 129 160 4
134 203 267 48 196 27 461 470 264 251 112 157 5
99 195 267 42 188 11 245 245 264 235 99 159 6
135 203 272 77 228 43 533 493 264 260 139 156 7
129 203 264 57 212 27 461 493 264 260 126 158 8
98 195 258 33 188 11 245 245 264 235 97 155 9
131 203 274 56 196 27 461 493 264 267 126 160 10
131 195 270 49 196 11 341 341 264 251 121 15000 11
Chip#1
102 195 256 28 188 11 213 237 264 219 93 158 0
192 315 285 49 196 27 461 357 264 283 130 164 1
200 397 292 46 188 11 389 357 264 267 125 158 2
113 195 264 48 188 27 261 245 264 235 99 164 3
140 203 263 46 196 27 533 493 264 251 115 152 4
131 203 267 48 180 11 461 373 264 235 112 154 5
94 195 259 38 188 27 245 245 264 235 96 155 6
135 203 265 77 228 27 533 493 264 260 138 158 7
125 203 264 61 212 11 461 490 264 260 119 154 8
100 195 254 39 188 11 245 245 264 235 98 158 9
138 203 273 54 212 27 461 493 264 267 134 164 10
138 203 276 57 196 27 357 357 264 251 120 15000 11
Chip#1
107 195 267 38 188 11 229 237 264 235 99 160 0
192 366 282 46 196 27 461 357 264 283 130 161 1
200 403 290 47 196 27 389 357 264 267 136 164 2
112 195 264 34 188 11 261 245 264 235 98 156 3
149 203 272 54 196 27 533 493 264 251 122 161 4
132 203 264 47 196 11 461 373 264 235 110 159 5
99 195 263 39 188 11 245 245 264 219 96 159 6
134 203 263 76 212 27 517 493 264 260 134 158 7
145 203 278 75 212 27 461 493 264 260 138 170 8
107 195 264 39 188 11 245 245 264 235 106 159 9
138 203 277 66 196 27 461 493 264 267 139 169 10
138 195 276 53 196 27 357 357 264 251 119 15000 11
