Chip#1
100 108 105 98 105 102 100 103 97 103 101 101 0
104 106 104 94 103 104 95 100 98 101 102 97 1
106 110 106 97 109 104 102 104 100 105 107 102 2
100 102 104 106 101 106 103 107 94 103 101 102 3
102 110 104 98 101 101 98 100 98 104 101 101 4
102 109 108 99 105 101 96 104 97 105 99 106 5
106 109 113 106 105 106 106 106 97 105 98 107 6
105 109 110 112 108 109 107 110 105 109 105 113 7
105 106 102 98 104 100 98 104 100 108 101 102 8
102 110 108 99 107 106 110 110 106 116 108 105 9
104 110 104 99 103 106 102 107 106 112 105 106 10
97 102 101 90 100 98 91 96 93 100 94 97 15000 11
Chip#2
96 102 106 101 106 103 90 102 101 98 102 107 0
98 104 103 106 103 99 89 99 101 97 103 99 1
94 105 105 102 103 100 88 98 102 98 103 106 2
88 105 106 100 106 105 88 94 104 98 103 101 3
96 110 103 102 104 104 92 102 108 96 103 101 4
87 93 88 91 90 87 82 83 90 84 94 90 5
94 101 106 100 98 97 85 94 95 98 101 98 6
98 109 110 100 104 108 90 102 102 104 98 104 7
102 112 103 109 107 100 93 100 107 104 105 110 8
92 100 106 105 103 104 90 94 101 102 96 101 9
100 112 108 103 108 112 94 104 107 101 106 107 10
99 108 102 105 103 104 94 102 106 105 106 108 15000 11
Chip#3
101 97 109 102 107 91 104 110 99 101 105 117 0
92 84 99 94 91 80 99 102 90 90 98 105 1
100 95 104 102 103 94 103 106 102 105 99 110 2
105 97 109 102 106 97 105 108 102 105 104 118 3
100 96 104 101 100 95 99 102 96 101 103 111 4
97 100 107 102 99 95 104 108 102 103 103 110 5
106 97 112 110 106 95 108 109 106 106 105 118 6
90 88 100 93 99 90 93 98 90 97 94 103 7
102 96 108 102 106 94 107 112 102 102 105 114 8
103 103 116 114 115 104 111 118 109 106 112 122 9
102 97 106 98 100 100 103 105 98 103 103 109 10
98 92 104 98 102 91 103 101 96 95 97 106 15000 11
Chip#4
99 96 99 102 106 103 98 101 103 105 94 100 0
99 93 99 96 99 96 91 98 98 98 89 100 1
99 99 100 102 109 103 98 104 98 105 97 111 2
99 96 99 100 105 102 95 102 95 101 93 105 3
99 93 99 99 100 101 96 101 91 102 89 100 4
99 90 99 94 102 97 92 95 101 101 93 101 5
99 94 99 105 107 99 98 99 98 106 94 105 6
99 97 99 106 103 103 96 101 102 104 96 104 7
99 96 99 97 106 99 98 102 99 105 92 105 8
99 94 99 100 106 101 98 104 99 102 93 102 9
99 99 99 109 112 103 104 111 103 109 100 107 10
99 94 99 102 104 103 102 102 99 105 94 102 15000 11
