Chip#1
96 98 94 98 95 98 101 95 92 94 93 93 0 244 123 239 23
100 101 94 104 98 96 101 97 94 99 101 99 1 0 0 0 0
93 96 93 95 93 89 101 95 92 97 99 97 2 0 0 0 0
99 98 93 102 104 98 101 98 94 95 100 93 3 0 0 0 0
94 94 93 93 88 91 101 93 95 93 96 93 4 0 0 0 0
100 103 94 99 104 100 101 99 96 97 98 98 5 0 0 0 0
101 103 98 107 104 102 107 102 99 106 101 105 6 0 0 0 0
99 103 93 99 100 96 107 98 92 101 100 99 7 0 0 0 0
100 98 95 103 104 96 106 93 94 98 100 97 8 0 0 0 0
104 100 94 103 104 102 103 102 95 100 98 99 9 0 0 0 0
94 99 90 98 91 93 103 96 91 94 95 94 10 0 0 0 0
101 106 102 106 104 100 108 107 101 99 101 15000 11 0 0 0 0
Chip#1
91 92 88 93 87 93 87 95 89 91 90 92 0 244 123 187 23
100 96 92 94 104 94 103 93 90 95 94 98 1 0 0 0 0
95 99 89 94 91 92 103 93 89 92 94 93 2 0 0 0 0
95 99 95 102 104 100 102 98 94 99 96 96 3 0 0 0 0
103 107 106 109 104 107 109 109 102 107 105 104 4 0 0 0 0
96 100 94 100 104 99 102 97 90 97 100 98 5 0 0 0 0
95 100 92 99 104 96 103 97 96 95 96 98 6 0 0 0 0
106 105 102 107 104 104 109 105 104 104 105 104 7 0 0 0 0
98 100 94 97 104 95 103 102 94 94 98 98 8 0 0 0 0
94 100 94 99 93 98 105 98 95 97 100 97 9 0 0 0 0
99 105 100 99 104 102 109 104 96 104 102 102 10 0 0 0 0
100 104 95 102 101 96 105 104 95 100 101 15000 11 0 0 0 0
