Chipdp
120 0 0 2 16 6 4 7 9 7 10 8 9 8 10 4 10 9 10 10 11 9 11 10 4 7 6 7 7 8 6 8 7 4 10 6 10 7 11 6 11 7 4 7 3 7 4 8 3 8 4 4 10 3 10 4 11 3 11 4 4 7 0 7 1 8 0 8 1 4 10 0 10 1 11 0 11 1 4 4 9 4 10 5 9 5 10 4 1 9 1 10 2 9 2 10 4 4 6 4 7 5 6 5 7 4 1 6 1 7 2 6 2 7 4 4 3 4 4 5 3 5 4 4 1 3 1 4 2 3 2 4 4 4 0 4 1 5 0 5 1 4 1 0 1 1 2 0 2 1 4 7 0 7 1 8 0 8 1 4 10 0 10 1 11 0 11 1 4 7 3 7 4 8 3 8 4 4 10 3 10 4 11 3 11 4 4 7 6 7 7 8 6 8 7 4 10 6 10 7 11 6 11 7 4 7 9 7 10 8 9 8 10 4 10 9 10 10 11 9 11 10 4 4 0 4 1 5 0 5 1 4 1 0 1 1 2 0 2 1 4 4 3 4 4 5 3 5 4 4 1 3 1 4 2 3 2 4 4 4 6 4 7 5 6 5 7 4 1 6 1 7 2 6 2 7 4 4 9 4 10 5 9 5 10 4 1 9 1 10 2 9 2 10 
Chip#1
116 195 270 43 196 11 229 237 264 235 101 173 0
192 374 292 54 212 27 461 373 264 260 138 174 1
200 397 294 47 196 27 373 341 264 260 130 159 2
113 195 265 38 188 11 261 245 264 235 105 160 3
147 219 276 54 212 43 533 493 264 267 126 165 4
129 203 268 47 196 27 461 373 264 251 115 160 5
100 195 264 47 196 27 261 261 264 251 99 161 6
140 203 269 79 212 27 517 493 264 260 139 164 7
139 203 276 67 212 27 461 493 264 260 134 166 8
106 195 268 42 188 11 245 245 264 235 107 165 9
143 219 274 58 212 27 461 493 264 260 135 166 10
135 203 272 58 196 27 357 357 264 251 124 15000 11
Chip#1
99 195 259 28 188 11 229 237 264 235 146 159 0
192 365 279 47 196 27 389 357 264 260 131 171 1
200 396 295 44 196 27 389 357 264 260 131 161 2
112 195 263 35 196 11 261 245 264 235 98 159 3
145 219 272 51 196 43 533 493 264 267 125 161 4
132 219 270 49 196 27 461 373 264 251 113 159 5
99 195 265 43 188 11 245 245 264 235 101 164 6
143 203 276 78 228 43 517 493 264 260 149 165 7
129 203 273 62 212 27 461 493 264 260 133 169 8
102 195 258 36 188 0 229 245 264 219 99 159 9
127 203 270 49 196 11 461 493 264 267 131 154 10
72 195 268 49 180 11 341 341 264 235 117 15000 11
Chip#1
105 195 256 34 188 11 213 237 264 219 96 163 0
192 366 276 46 188 27 389 357 264 267 130 161 1
200 403 292 51 196 27 389 357 264 260 135 160 2
120 195 260 41 188 11 245 245 264 235 101 158 3
156 219 270 48 212 43 533 493 264 267 125 161 4
131 195 260 47 180 11 461 357 264 235 110 156 5
102 195 260 40 188 11 229 210 264 235 96 159 6
143 203 267 84 228 43 517 493 264 260 145 160 7
128 203 265 62 212 27 461 389 264 260 125 160 8
92 195 255 34 188 11 245 245 264 235 98 152 9
138 203 270 58 196 27 461 493 264 267 135 164 10
134 195 265 51 196 11 341 341 264 251 113 15000 11
