Chip#1
104 99 98 101 97 95 104 102 105 101 101 104 0
99 95 98 100 99 95 100 98 101 100 107 104 1
102 96 98 103 96 100 108 96 103 98 105 104 2
106 100 101 103 104 102 104 99 105 110 108 103 3
99 92 100 101 97 98 103 94 106 102 105 104 4
95 97 97 99 96 100 105 96 105 98 105 103 5
96 91 94 95 92 90 99 97 98 100 103 98 6
96 95 98 101 99 98 102 96 105 98 104 99 7
92 87 95 96 96 92 95 94 96 98 100 100 8
96 103 100 101 95 104 103 103 106 104 111 107 9
92 83 88 96 88 91 94 92 98 97 99 92 10
100 93 101 100 97 98 102 97 105 102 107 15000 11
Chip#1
102 95 100 101 96 98 99 103 106 102 105 107 0
95 92 97 97 93 92 100 99 101 97 99 98 1
102 95 95 103 99 99 100 99 106 102 105 99 2
95 95 94 100 91 95 100 96 102 97 99 102 3
104 97 103 105 97 100 108 104 107 109 109 107 4
96 97 103 103 100 102 107 103 107 106 109 104 5
98 96 104 105 100 102 105 104 109 104 108 103 6
94 90 92 95 91 91 98 98 102 94 100 92 7
98 93 95 96 93 96 103 103 103 101 103 96 8
102 97 103 104 96 100 104 103 107 104 103 104 9
95 92 101 101 99 102 104 100 109 97 105 100 10
96 91 92 100 92 91 99 96 101 96 101 15000 11
Chip#1
110 105 108 116 110 110 110 113 113 111 114 114 0
106 101 108 107 99 103 107 104 107 106 107 100 1
104 101 98 109 103 103 110 103 109 106 112 107 2
102 104 105 107 99 103 107 102 109 108 108 106 3
107 103 107 111 104 103 110 103 114 111 109 106 4
107 107 104 108 104 108 110 111 111 110 112 110 5
110 104 108 113 104 107 113 108 113 108 117 112 6
106 104 107 108 103 102 113 110 110 106 111 107 7
107 100 103 111 107 102 110 108 111 108 107 110 8
116 112 114 111 114 110 117 115 121 110 116 113 9
108 105 110 108 110 107 114 106 119 108 114 111 10
108 103 105 109 108 104 113 108 113 109 111 15000 11
Chip#1
108 103 116 116 114 110 115 111 113 112 112 112 0
114 115 120 121 112 112 118 119 118 116 114 116 1
116 111 121 120 121 116 120 114 119 116 120 118 2
118 115 120 117 121 118 122 118 119 120 120 120 3
115 107 115 120 113 112 118 113 119 113 114 117 4
112 108 108 115 110 114 118 110 113 112 117 116 5
107 105 104 111 110 107 109 106 110 109 111 107 6
116 108 113 117 111 111 114 113 118 116 118 116 7
115 112 117 116 114 119 119 114 121 116 121 118 8
116 109 115 119 119 114 119 118 122 118 117 118 9
108 105 108 109 110 106 105 107 115 112 111 107 10
116 112 115 117 118 116 119 113 124 118 113 15000 11
Chip#1
112 113 114 116 115 111 118 118 125 112 120 120 0
124 116 123 121 121 118 127 123 124 122 121 122 1
111 111 117 113 114 119 119 115 121 117 122 122 2
116 115 117 117 118 115 122 121 124 121 120 121 3
119 119 117 128 122 123 123 119 122 124 122 121 4
116 112 115 121 118 116 123 117 119 121 121 121 5
118 119 123 128 122 119 124 123 124 124 127 126 6
127 126 131 133 126 128 133 130 134 130 131 134 7
119 118 121 124 121 120 124 124 121 121 126 126 8
124 124 121 125 119 123 129 123 126 130 125 124 9
120 116 120 124 125 119 126 122 129 121 125 121 10
126 120 120 124 126 124 128 123 129 128 125 15000 11
Chip#1
128 126 130 133 136 132 134 136 140 134 138 130 0
132 128 133 131 129 130 139 133 134 134 134 134 1
134 124 133 129 130 130 131 129 132 129 131 132 2
131 130 133 138 134 132 134 132 129 129 129 129 3
127 124 131 128 130 131 132 130 133 128 132 128 4
131 126 130 133 133 128 136 130 133 133 134 128 5
134 127 130 134 133 130 137 133 134 132 131 133 6
130 122 128 127 126 128 132 128 132 126 131 129 7
126 119 131 124 126 127 127 126 128 125 132 126 8
131 123 134 129 130 131 132 128 136 133 132 132 9
131 124 135 131 132 130 132 133 136 128 134 134 10
136 127 133 131 137 127 133 129 136 133 130 15000 11
