Chipdp
84 2 68 4 16 11 4 1 6 2 6 1 7 2 7 4 4 6 5 6 4 7 5 7 4 7 6 8 6 7 7 8 7 4 10 6 11 6 10 7 11 7 4 1 9 2 9 1 10 2 10 4 4 9 5 9 4 10 5 10 4 7 9 8 9 7 10 8 10 4 10 9 11 9 10 10 11 10 4 1 3 2 3 1 4 2 4 4 4 3 5 3 4 4 5 4 4 7 3 8 3 7 4 8 4 4 10 3 11 3 10 4 11 4 4 1 0 2 0 1 1 2 1 4 4 0 5 0 4 1 5 1 4 7 0 8 0 7 1 8 1 4 10 0 11 0 10 1 11 1 4 1 6 2 6 1 7 2 7 4 4 6 5 6 4 7 5 7 4 7 6 8 6 7 7 8 7 4 10 6 11 6 10 7 11 7 4 1 9 2 9 1 10 2 10 4 4 9 5 9 4 10 5 10 4 7 9 8 9 7 10 8 10 4 10 9 11 9 10 10 11 10 4 1 3 2 3 1 4 2 4 4 4 3 5 3 4 4 5 4 4 7 3 8 3 7 4 8 4 4 10 3 11 3 10 4 11 4 4 1 0 2 0 1 1 2 1 4 4 0 5 0 4 1 5 1 4 7 0 8 0 7 1 8 1 4 10 0 11 0 10 1 11 1 4 6 0 7 0 6 1 7 1 4 6 3 7 3 6 4 7 4 4 6 6 7 6 6 7 7 7 4 6 9 7 9 6 10 7 10 4 9 0 10 0 9 1 10 1 4 9 3 10 3 9 4 10 4 4 9 6 10 6 9 7 10 7 4 9 9 10 9 9 10 10 10 4 3 0 4 0 3 1 4 1 4 3 3 4 3 3 4 4 4 4 3 6 4 6 3 7 4 7 4 3 9 4 9 3 10 4 10 4 0 0 1 0 0 1 1 1 4 0 3 1 3 0 4 1 4 4 0 6 1 6 0 7 1 7 4 0 9 1 9 0 10 1 10 4 7 0 8 0 7 1 8 1 4 7 3 8 3 7 4 8 4 4 7 6 8 6 7 7 8 7 4 7 9 8 9 7 10 8 10 4 10 0 11 0 10 1 11 1 4 10 3 11 3 10 4 11 4 4 10 6 11 6 10 7 11 7 4 10 9 11 9 10 10 11 10 4 4 0 5 0 4 1 5 1 4 4 3 5 3 4 4 5 4 4 4 6 5 6 4 7 5 7 4 4 9 5 9 4 10 5 10 4 1 0 2 0 1 1 2 1 4 1 3 2 3 1 4 2 4 4 1 6 2 6 1 7 2 0 0 
Chip#1
127 127 112 113 106 120 123 118 115 123 119 120 0
315 364 141 136 124 116 166 165 121 200 180 119 1
333 423 165 136 130 127 171 172 121 204 181 117 2
126 149 107 106 104 108 119 127 106 138 116 103 3
160 179 126 147 146 131 199 195 106 181 162 111 4
140 167 114 142 139 124 168 167 120 164 145 108 5
113 116 111 121 113 120 125 139 115 164 119 108 6
150 161 118 194 189 128 195 198 126 210 187 116 7
144 158 121 163 158 120 170 172 121 178 169 111 8
116 122 113 116 114 118 138 142 115 140 128 111 9
144 166 118 140 144 118 225 234 124 193 175 110 10
141 154 113 131 134 118 179 184 120 158 150 15000 11
Chip#1
120 154 106 100 104 108 107 107 107 113 113 111 0
311 364 141 135 122 122 166 169 126 200 187 120 1
331 415 162 134 124 115 161 168 117 199 176 109 2
131 156 113 111 108 114 123 129 115 126 117 107 3
156 172 119 139 145 126 189 187 121 178 159 109 4
145 168 121 136 147 128 176 168 121 162 151 113 5
111 121 114 127 123 126 126 134 125 133 118 114 6
155 167 123 202 192 130 191 203 125 210 191 116 7
140 152 113 161 151 119 162 166 119 170 164 110 8
113 123 113 116 109 118 135 141 114 130 128 110 9
144 169 122 147 146 127 230 237 128 194 171 110 10
141 159 117 139 139 127 179 189 126 158 147 15000 11
Chip#1
116 123 103 106 104 108 111 109 104 113 115 113 0
306 367 141 131 119 114 158 157 126 193 187 111 1
330 421 162 135 128 115 168 167 117 197 174 114 2
130 156 113 111 105 118 121 115 114 122 122 108 3
157 181 122 145 140 128 195 187 115 174 165 111 4
147 178 121 144 141 131 179 172 115 169 158 117 5
109 117 112 120 112 116 126 133 115 169 118 104 6
147 171 122 200 185 131 193 202 129 206 191 116 7
139 156 116 159 156 119 166 171 120 172 168 110 8
119 137 116 120 116 118 141 139 119 136 124 114 9
152 177 128 153 147 130 229 242 133 193 180 116 10
144 160 121 139 141 126 183 190 127 159 153 15000 11
