Chipdp
165 1 12 48 48 48 48 48 48 48 48 48 48 48 48 65 83 81 82 77 49 54 52 50 48 50 54 49 48 51 48 49 55 53 53 4 208 4 16 1 0 0 0 0 4 1 6 2 6 1 7 2 7 4 4 6 5 6 4 7 5 7 4 7 6 8 6 7 7 8 7 4 10 6 11 6 10 7 11 7 4 1 9 2 9 1 10 2 10 4 4 9 5 9 4 10 5 10 4 7 9 8 9 7 10 8 10 4 10 9 11 9 10 10 11 10 4 1 0 2 0 1 1 2 1 4 4 0 5 0 4 1 5 1 4 7 0 8 0 7 1 8 1 4 10 0 11 0 10 1 11 1 4 1 3 2 3 1 4 2 4 4 4 3 5 3 4 4 5 4 4 7 3 8 3 7 4 8 4 4 10 3 11 3 10 4 11 4 4 1 6 2 6 1 7 2 7 4 4 6 5 6 4 7 5 7 4 7 6 8 6 7 7 8 7 4 10 6 11 6 10 7 11 7 4 1 9 2 9 1 10 2 10 4 4 9 5 9 4 10 5 10 4 7 9 8 9 7 10 8 10 4 10 9 11 9 10 10 11 10 4 1 0 2 0 1 1 2 1 4 4 0 5 0 4 1 5 1 4 7 0 8 0 7 1 8 1 4 10 0 11 0 10 1 11 1 4 1 3 2 3 1 4 2 4 4 4 3 5 3 4 4 5 4 4 7 3 8 3 7 4 8 4 4 10 3 11 3 10 4 11 4 4 7 0 8 0 7 1 8 1 4 7 3 8 3 7 4 8 4 4 7 6 8 6 7 7 8 7 4 7 9 8 9 7 10 8 10 4 10 0 11 0 10 1 11 1 4 10 3 11 3 10 4 11 4 4 10 6 11 6 10 7 11 7 4 10 9 11 9 10 10 11 10 4 1 0 2 0 1 1 2 1 4 1 3 2 3 1 4 2 4 4 1 6 2 6 1 7 2 7 4 1 9 2 9 1 10 2 10 4 4 0 5 0 4 1 5 1 4 4 3 5 3 4 4 5 4 4 4 6 5 6 4 7 5 7 4 4 9 5 9 4 10 5 10 4 7 0 8 0 7 1 8 1 4 7 3 8 3 7 4 8 4 4 7 6 8 6 7 7 8 7 4 7 9 8 9 7 10 8 10 4 10 0 11 0 10 1 11 1 4 10 3 11 3 10 4 11 4 4 10 6 11 6 10 7 11 7 4 10 9 11 9 10 10 11 10 4 1 0 2 0 1 1 2 1 4 1 3 2 3 1 4 2 4 4 1 6 2 6 1 7 2 7 4 1 9 2 9 1 10 2 10 4 4 0 5 0 4 1 5 1 4 4 3 5 3 4 4 5 4 4 4 6 5 6 4 7 5 7 4 4 9 5 9 4 10 5 10 
Chip#1
128 130 147 131 130 131 133 133 133 133 134 133 0
126 122 130 131 129 127 127 125 128 125 130 128 1
130 127 139 137 132 132 137 134 136 130 138 132 2
128 127 130 134 129 130 132 133 132 130 131 130 3
127 134 134 131 133 132 132 132 137 130 136 126 4
127 126 130 130 125 128 131 129 130 125 131 129 5
126 123 134 133 129 135 136 134 132 129 138 132 6
131 138 139 133 135 135 141 136 141 133 136 130 7
132 132 133 135 137 134 134 136 137 134 138 132 8
136 126 139 134 135 132 137 134 137 132 140 130 9
132 128 133 129 130 127 133 129 134 133 134 126 10
132 124 131 133 137 131 134 128 138 134 135 15000 11
Chip#1
130 126 130 131 129 127 133 132 134 132 132 129 0
127 119 130 131 129 126 129 128 133 128 129 129 1
127 124 133 129 132 130 132 125 134 130 132 128 2
131 128 134 138 135 139 136 133 138 136 136 138 3
128 130 135 134 134 130 131 130 136 129 134 134 4
132 130 130 133 132 132 134 134 136 132 138 132 5
123 120 130 129 124 126 131 129 129 128 136 126 6
123 120 126 130 122 126 128 125 130 125 131 128 7
131 124 131 134 132 128 133 134 136 132 134 130 8
132 127 136 135 133 134 136 133 138 130 134 128 9
136 130 138 139 137 134 136 133 136 136 135 129 10
134 130 136 131 139 130 129 129 134 130 134 15000 11
Chip#1
136 131 135 135 134 136 134 136 142 132 135 130 0
122 116 126 124 124 119 126 122 129 118 125 121 1
132 128 130 130 132 131 133 132 133 134 135 137 2
128 126 134 134 136 130 131 129 133 132 134 130 3
135 132 136 131 135 127 136 133 138 132 135 137 4
124 126 131 124 132 131 133 132 133 129 132 133 5
124 119 123 128 126 122 127 128 129 126 127 125 6
127 123 126 128 129 126 127 128 128 126 132 125 7
132 127 133 134 133 134 133 132 136 134 135 132 8
132 130 134 131 132 128 131 134 133 132 130 130 9
126 122 128 129 132 123 128 133 132 130 127 129 10
136 128 130 134 139 130 132 132 136 136 134 15000 11
Chip#1
134 132 133 135 136 132 131 137 137 136 131 130 0
128 123 131 131 130 130 132 133 134 133 130 128 1
122 123 126 127 129 126 127 125 128 126 127 128 2
120 123 124 124 124 124 123 126 129 128 123 120 3
122 120 130 127 124 120 123 123 126 124 123 124 4
131 127 130 128 130 128 132 133 132 129 127 132 5
124 122 128 128 128 130 126 123 126 130 129 125 6
127 122 128 127 130 127 124 125 129 126 130 120 7
126 122 134 129 133 127 131 128 129 129 131 125 8
132 127 133 131 126 128 126 128 125 132 130 124 9
126 124 133 128 126 132 128 125 133 126 126 126 10
135 131 139 134 137 135 137 130 138 133 135 15000 11
