Chip#1
99 100 91 95 104 98 103 101 96 98 99 103 0
95 99 90 89 102 89 90 96 90 97 96 97 1
105 106 100 99 104 103 107 104 100 100 104 104 2
90 92 89 87 96 87 87 95 87 89 95 91 3
105 96 98 98 104 100 105 102 95 97 102 99 4
94 101 91 99 104 96 103 98 94 99 101 103 5
95 99 94 95 100 93 105 99 91 93 99 96 6
91 94 91 95 100 91 90 102 94 94 96 93 7
94 93 90 92 100 92 101 97 89 91 95 94 8
95 101 88 97 102 95 93 96 91 95 95 101 9
95 98 91 94 101 92 101 102 95 94 98 96 10
96 95 100 94 104 91 102 99 91 97 100 15000 11
