Chip#1
104 104 101 93 109 104 103 96 101 111 95 98 0
106 109 104 101 112 109 111 106 110 109 102 103 1
105 112 104 97 112 109 113 106 109 109 99 103 2
102 109 101 101 108 106 113 100 105 107 99 101 3
104 109 110 102 109 112 107 102 106 111 102 103 4
96 108 101 93 105 102 99 100 104 108 95 99 5
107 110 109 98 109 113 117 107 109 114 100 105 6
109 117 112 109 119 112 118 107 110 116 104 106 7
97 104 101 98 104 104 102 97 104 107 94 97 8
99 100 97 93 103 102 106 100 104 108 99 98 9
92 105 97 89 100 101 104 92 102 109 91 98 10
102 110 109 98 112 109 103 102 108 111 102 103 15000 11
Chip#2
96 108 98 102 106 100 98 107 99 105 107 104 0
99 105 97 102 102 103 94 103 103 105 108 102 1
99 104 97 100 101 100 99 103 103 105 106 101 2
88 105 97 97 102 103 92 99 99 105 104 99 3
95 103 92 94 96 95 93 104 97 101 98 100 4
100 106 107 105 102 105 99 107 103 105 108 107 5
112 123 118 115 116 117 108 121 112 118 121 121 6
111 123 116 116 114 119 110 112 113 111 121 112 7
100 108 102 105 106 105 99 103 102 102 105 105 8
104 115 107 110 104 109 102 108 106 106 114 107 9
106 115 111 106 108 109 102 112 107 110 112 111 10
104 113 105 110 108 108 103 114 106 113 112 108 15000 11
Chip#3
116 107 121 109 111 112 119 121 111 114 118 126 0
103 92 107 101 100 103 101 109 102 103 103 110 1
96 88 103 96 92 98 100 98 95 94 97 105 2
103 94 107 96 97 100 104 104 97 103 103 110 3
105 94 111 101 104 107 109 110 99 102 108 113 4
105 97 108 99 102 101 109 101 99 105 103 114 5
105 90 103 94 92 94 103 101 95 99 99 110 6
100 92 107 96 96 95 105 104 95 95 95 106 7
112 96 115 109 106 107 111 113 102 107 107 115 8
101 92 108 105 100 102 108 109 99 99 100 114 9
106 93 108 103 99 107 107 110 102 97 105 111 10
105 93 106 102 100 100 107 109 103 102 102 110 15000 11
Chip#4
99 94 99 93 103 102 98 91 103 100 99 105 0
99 93 102 94 107 102 96 99 105 104 100 105 1
99 102 99 94 110 103 99 96 105 105 102 105 2
99 97 100 96 107 106 100 99 103 104 102 105 3
99 97 106 99 107 107 102 102 105 106 103 108 4
99 99 99 97 107 105 100 98 102 106 103 105 5
99 96 99 94 107 94 98 92 102 102 99 104 6
99 99 100 97 115 106 98 99 107 110 102 108 7
99 94 100 93 100 99 98 95 101 101 94 101 8
99 104 106 100 119 109 104 108 114 109 107 112 9
99 99 100 102 107 106 100 102 106 108 104 108 10
99 104 100 97 107 99 96 104 102 104 103 108 15000 11
