Chipdp
120 0 0 2 16 6 4 7 9 7 10 8 9 8 10 4 10 9 10 10 11 9 11 10 4 7 6 7 7 8 6 8 7 4 10 6 10 7 11 6 11 7 4 7 3 7 4 8 3 8 4 4 10 3 10 4 11 3 11 4 4 7 0 7 1 8 0 8 1 4 10 0 10 1 11 0 11 1 4 4 9 4 10 5 9 5 10 4 1 9 1 10 2 9 2 10 4 4 6 4 7 5 6 5 7 4 1 6 1 7 2 6 2 7 4 4 3 4 4 5 3 5 4 4 1 3 1 4 2 3 2 4 4 4 0 4 1 5 0 5 1 4 1 0 1 1 2 0 2 1 4 7 0 7 1 8 0 8 1 4 10 0 10 1 11 0 11 1 4 7 3 7 4 8 3 8 4 4 10 3 10 4 11 3 11 4 4 7 6 7 7 8 6 8 7 4 10 6 10 7 11 6 11 7 4 7 9 7 10 8 9 8 10 4 10 9 10 10 11 9 11 10 4 4 0 4 1 5 0 5 1 4 1 0 1 1 2 0 2 1 4 4 3 4 4 5 3 5 4 4 1 3 1 4 2 3 2 4 4 4 6 4 7 5 6 5 7 4 1 6 1 7 2 6 2 7 4 4 9 4 10 5 9 5 10 4 1 9 1 10 2 9 2 10 
Chip#1
94 195 259 19 188 0 205 237 264 203 88 160 0
153 219 261 26 188 0 293 277 264 235 99 155 1
165 251 276 30 188 11 325 293 264 251 105 151 2
92 195 218 22 188 0 213 237 264 203 89 150 3
120 195 269 36 196 27 461 373 264 235 111 163 4
106 195 259 28 188 11 325 309 264 235 94 154 5
80 195 252 22 188 0 213 237 264 219 83 150 6
110 195 261 48 196 27 461 373 264 251 119 158 7
106 195 259 38 188 0 325 309 264 219 101 153 8
92 195 258 25 188 0 213 237 264 219 92 155 9
103 195 261 36 188 0 341 357 264 235 107 153 10
106 195 258 29 188 11 293 293 264 219 98 15000 11
Chip#1
94 195 255 22 188 0 205 237 264 203 85 152 0
164 235 264 31 188 11 309 293 264 251 112 156 1
174 235 270 30 188 0 293 277 264 235 110 158 2
96 195 259 31 188 11 245 237 264 235 93 154 3
120 195 261 34 188 11 389 357 264 235 105 152 4
107 195 259 33 188 11 325 309 264 235 97 149 5
89 195 254 28 188 0 213 237 264 219 84 155 6
117 195 263 53 196 27 389 373 264 251 112 155 7
102 195 254 40 188 11 325 309 264 235 110 154 8
40 195 252 26 188 0 213 237 264 219 91 154 9
56 195 265 43 188 0 341 341 264 235 116 156 10
106 195 255 31 188 0 277 277 264 219 97 15000 11
Chip#1
87 195 252 17 188 0 205 237 264 219 83 152 0
154 235 260 28 188 0 293 277 264 235 98 154 1
169 251 279 34 188 0 293 293 264 235 112 160 2
94 195 258 24 188 0 229 237 264 219 89 152 3
118 195 260 33 188 11 389 357 264 235 105 156 4
114 195 265 35 188 0 309 293 264 219 103 158 5
88 195 260 29 188 0 213 237 264 219 88 156 6
113 195 263 49 196 0 373 357 264 235 113 156 7
116 195 264 44 196 11 341 325 264 251 113 163 8
94 195 261 26 188 0 213 237 264 219 90 155 9
105 195 268 35 188 11 341 341 264 235 112 156 10
106 195 267 35 188 0 293 293 264 219 103 15000 11
