Chip#1
87 195 250 26 188 0 213 237 264 219 84 158 0
89 195 251 29 188 0 213 237 264 219 90 152 1
96 195 256 33 188 0 205 237 264 219 94 165 2
94 195 258 33 188 0 213 237 264 219 98 158 3
94 195 256 29 188 0 213 237 264 219 92 160 4
92 195 259 30 188 11 213 237 264 219 92 159 5
89 195 251 29 196 11 213 237 264 235 91 155 6
92 195 251 29 188 0 205 237 264 203 90 154 7
98 195 259 34 188 0 213 237 264 219 91 165 8
95 195 258 33 188 11 213 237 264 235 97 161 9
89 195 251 22 188 0 213 237 264 219 86 155 10
91 195 258 30 188 0 213 237 264 219 91 15000 11
Chip#1
87 195 246 24 188 0 205 237 264 203 80 150 0
83 195 218 20 188 0 205 237 264 187 77 150 1
89 195 249 25 188 0 205 237 264 203 85 150 2
83 195 254 21 188 0 205 237 264 219 85 146 3
89 195 255 25 188 0 205 237 264 219 88 151 4
92 195 256 28 188 0 213 237 264 219 89 154 5
89 195 258 30 188 0 205 237 264 203 89 154 6
87 195 255 31 188 11 213 237 264 219 96 160 7
85 195 255 26 188 0 205 237 264 203 86 158 8
88 195 249 29 188 11 205 237 264 219 90 151 9
89 195 252 30 188 0 205 237 264 219 90 151 10
89 195 250 28 188 0 213 237 264 203 89 15000 11
Chip#1
85 195 250 26 188 0 205 237 264 203 86 151 0
91 195 218 28 188 0 205 237 264 203 84 151 1
95 195 258 34 188 0 213 237 264 219 92 155 2
89 195 251 25 188 0 205 237 264 219 86 152 3
87 195 245 21 188 0 213 237 264 219 81 146 4
84 195 218 25 188 0 205 237 264 203 85 154 5
88 195 252 29 188 0 205 237 264 203 88 151 6
87 195 245 25 188 0 213 237 264 203 83 151 7
89 195 250 24 188 0 213 237 264 203 86 154 8
88 195 254 29 188 0 205 237 264 219 88 156 9
87 195 249 22 188 0 213 237 264 219 85 151 10
92 195 252 30 188 0 213 237 264 203 94 15000 11
Chip#1
91 195 256 30 188 0 205 237 264 203 92 159 0
124 203 268 41 188 11 277 261 264 251 111 165 1
132 203 270 41 188 11 277 261 264 251 112 163 2
94 195 256 30 188 0 213 237 264 219 88 153 3
113 195 259 41 188 11 325 309 264 235 102 155 4
107 195 267 44 196 11 293 277 264 235 99 159 5
91 195 255 34 188 11 229 237 264 219 89 158 6
105 195 254 48 196 11 325 309 264 251 112 155 7
110 195 260 52 196 11 293 293 264 251 111 160 8
99 195 261 36 188 11 229 237 264 219 96 161 9
105 195 265 43 188 11 309 309 264 251 111 158 10
103 195 260 40 188 11 261 261 264 235 105 15000 11
Chip#1
85 195 252 24 188 0 213 237 264 219 86 154 0
136 203 261 43 188 11 293 277 264 251 113 165 1
136 203 264 33 188 11 293 277 264 251 117 156 2
94 195 256 31 188 11 229 237 264 219 94 156 3
123 195 263 39 196 27 373 341 264 251 117 156 4
114 195 261 44 196 11 309 293 264 235 107 161 5
101 195 259 38 188 11 229 237 264 235 94 159 6
114 195 259 52 196 11 357 341 264 251 126 155 7
112 195 261 52 180 11 309 293 264 235 116 158 8
99 195 263 36 188 11 229 237 264 235 103 168 9
112 195 259 41 196 11 325 341 264 251 125 156 10
113 195 267 41 180 11 293 277 264 235 110 15000 11
Chip#1
96 195 256 34 188 11 213 237 264 219 97 164 0
143 203 264 40 188 11 309 293 264 267 126 164 1
142 219 265 40 188 11 309 293 264 251 120 159 2
99 195 261 36 188 11 245 237 264 235 101 163 3
124 203 264 40 196 27 389 357 264 251 116 158 4
113 195 264 42 196 11 325 293 264 235 106 158 5
87 195 247 26 188 0 213 237 264 219 84 151 6
116 195 259 65 196 27 389 357 264 267 130 160 7
118 195 268 53 196 11 325 309 264 251 125 165 8
102 195 254 35 188 11 229 245 264 235 99 160 9
118 195 267 46 196 27 357 357 264 267 122 165 10
117 195 267 48 196 11 293 309 264 251 116 15000 11
Chip#1
106 195 264 40 188 11 213 237 264 235 102 166 0
150 219 272 46 196 27 325 309 264 267 130 161 1
158 235 276 41 180 11 309 293 264 267 122 165 2
110 195 267 43 180 11 245 237 264 235 106 165 3
124 195 268 46 196 27 461 373 264 251 119 159 4
120 195 265 51 196 11 341 309 264 235 113 161 5
96 195 259 41 188 11 229 237 264 219 96 159 6
129 195 267 77 212 27 461 373 264 260 138 163 7
120 195 267 63 212 27 357 341 264 251 133 165 8
101 195 252 39 188 11 229 237 264 235 103 155 9
117 195 261 49 188 11 357 357 264 251 128 156 10
114 195 260 43 188 11 293 293 264 235 106 15000 11
