Chipdp
165 1 12 48 48 48 48 48 48 48 48 48 48 48 48 65 83 81 82 77 49 54 52 50 48 50 54 49 48 51 48 49 55 53 53 4 208 4 16 1 0 0 0 0 4 1 6 2 6 1 7 2 7 4 4 6 5 6 4 7 5 7 4 7 6 8 6 7 7 8 7 4 10 6 11 6 10 7 11 7 4 1 9 2 9 1 10 2 10 4 4 9 5 9 4 10 5 10 4 7 9 8 9 7 10 8 10 4 10 9 11 9 10 10 11 10 4 1 0 2 0 1 1 2 1 4 4 0 5 0 4 1 5 1 4 7 0 8 0 7 1 8 1 4 10 0 11 0 10 1 11 1 4 1 3 2 3 1 4 2 4 4 4 3 5 3 4 4 5 4 4 7 3 8 3 7 4 8 4 4 10 3 11 3 10 4 11 4 4 1 6 2 6 1 7 2 7 4 4 6 5 6 4 7 5 7 4 7 6 8 6 7 7 8 7 4 10 6 11 6 10 7 11 7 4 1 9 2 9 1 10 2 10 4 4 9 5 9 4 10 5 10 4 7 9 8 9 7 10 8 10 4 10 9 11 9 10 10 11 10 4 1 0 2 0 1 1 2 1 4 4 0 5 0 4 1 5 1 4 7 0 8 0 7 1 8 1 4 10 0 11 0 10 1 11 1 4 1 3 2 3 1 4 2 4 4 4 3 5 3 4 4 5 4 4 7 3 8 3 7 4 8 4 4 10 3 11 3 10 4 11 4 4 7 0 8 0 7 1 8 1 4 7 3 8 3 7 4 8 4 4 7 6 8 6 7 7 8 7 4 7 9 8 9 7 10 8 10 4 10 0 11 0 10 1 11 1 4 10 3 11 3 10 4 11 4 4 10 6 11 6 10 7 11 7 4 10 9 11 9 10 10 11 10 4 1 0 2 0 1 1 2 1 4 1 3 2 3 1 4 2 4 4 1 6 2 6 1 7 2 7 4 1 9 2 9 1 10 2 10 4 4 0 5 0 4 1 5 1 4 4 3 5 3 4 4 5 4 4 4 6 5 6 4 7 5 7 4 4 9 5 9 4 10 5 10 4 7 0 8 0 7 1 8 1 4 7 3 8 3 7 4 8 4 4 7 6 8 6 7 7 8 7 4 7 9 8 9 7 10 8 10 4 10 0 11 0 10 1 11 1 4 10 3 11 3 10 4 11 4 4 10 6 11 6 10 7 11 7 4 10 9 11 9 10 10 11 10 4 1 0 2 0 1 1 2 1 4 1 3 2 3 1 4 2 4 4 1 6 2 6 1 7 2 7 4 1 9 2 9 1 10 2 10 4 4 0 5 0 4 1 5 1 4 4 3 5 3 4 4 5 4 4 4 6 5 6 4 7 5 7 4 4 9 5 9 4 10 5 10 
Chip#1
104 105 110 104 107 108 108 107 113 111 111 110 0
110 115 113 111 114 115 110 115 114 113 120 114 1
110 105 105 108 111 114 108 107 113 111 112 107 2
102 97 97 104 104 106 104 104 102 109 103 99 3
102 101 97 101 103 107 102 106 103 110 107 107 4
103 99 104 101 110 108 107 110 107 110 112 103 5
107 108 107 105 111 114 110 113 109 114 111 107 6
107 103 108 104 108 111 109 110 109 112 112 104 7
112 108 107 105 113 111 113 106 117 113 114 111 8
115 111 111 107 114 114 109 114 120 116 113 106 9
107 107 107 105 110 114 108 106 109 110 111 107 10
116 111 113 105 118 115 108 108 115 114 112 15000 11
Chip#1
104 100 110 104 110 108 109 104 107 111 112 107 0
106 103 113 105 113 115 114 106 110 113 116 112 1
111 108 105 107 117 116 115 107 113 112 113 113 2
104 105 105 105 117 114 110 107 111 109 112 108 3
102 100 103 100 107 108 107 100 107 110 108 104 4
103 95 103 96 107 107 103 99 105 102 105 99 5
98 100 103 100 108 108 108 110 109 106 112 100 6
111 108 113 101 114 115 115 104 115 111 116 111 7
108 104 110 103 108 114 107 102 113 106 107 108 8
112 108 111 109 119 118 110 110 114 116 118 112 9
108 107 114 103 114 111 109 104 115 112 114 106 10
114 109 108 104 118 114 112 106 114 111 112 15000 11
Chip#1
103 103 111 101 111 111 107 104 107 113 112 108 0
107 107 111 104 111 111 109 110 111 110 109 108 1
106 105 113 104 108 112 109 107 109 108 112 107 2
119 115 121 119 115 122 118 115 118 120 121 118 3
107 105 113 104 110 112 109 104 109 113 113 104 4
108 113 113 108 121 122 113 111 118 112 120 110 5
108 108 111 105 114 116 112 108 114 111 118 108 6
111 109 111 112 113 119 112 108 115 110 116 111 7
115 105 111 109 117 112 112 110 114 112 117 114 8
116 112 113 112 111 116 117 113 120 114 117 108 9
108 112 116 109 113 115 115 108 117 116 113 106 10
118 114 118 108 118 119 113 111 115 112 112 15000 11
Chip#1
112 108 117 112 115 114 112 108 115 112 117 113 0
110 108 113 107 115 112 113 106 115 114 114 104 1
110 107 107 103 111 111 109 103 107 108 111 110 2
115 109 107 108 114 114 110 108 115 114 117 112 3
106 104 107 101 108 108 105 99 106 105 105 104 4
111 109 110 107 117 114 115 110 114 114 117 112 5
115 111 110 111 114 120 113 111 111 112 116 117 6
107 107 103 105 110 112 107 107 107 113 116 108 7
104 101 101 101 104 102 102 100 103 104 105 106 8
111 108 108 101 111 111 108 107 107 110 112 110 9
107 109 104 103 110 111 109 110 110 105 109 103 10
118 116 113 108 119 115 113 110 117 114 116 15000 11
