Chip#1
94 90 93 94 97 99 99 90 99 101 102 98 0
96 93 98 94 102 106 105 98 101 101 107 102 1
92 89 94 90 96 96 95 90 94 100 96 91 2
96 91 95 93 99 103 99 93 98 102 102 99 3
94 96 103 99 100 106 98 98 99 105 105 102 4
102 95 101 96 102 104 104 99 98 105 108 98 5
98 89 93 93 100 100 100 93 96 100 103 95 6
103 104 108 101 106 114 108 104 106 106 116 106 7
89 85 91 88 97 100 95 92 95 97 99 94 8
98 93 95 94 100 103 94 94 97 101 99 95 9
96 92 95 96 103 104 100 96 96 100 104 99 10
99 92 95 93 100 106 102 96 102 106 105 15000 11
