Chip#1
40 195 254 30 188 0 205 237 264 203 91 156 0
88 195 254 24 188 0 205 237 264 203 88 155 1
91 195 218 22 188 0 205 237 264 203 84 150 2
91 195 251 26 188 11 205 237 264 219 89 146 3
91 195 252 24 188 0 205 237 264 203 89 156 4
88 195 250 22 188 0 205 237 264 203 89 151 5
88 195 250 25 188 0 205 237 264 203 88 151 6
95 195 252 26 188 0 205 237 264 219 93 158 7
87 195 247 28 188 0 205 237 264 219 86 146 8
87 195 250 25 188 0 205 237 264 203 88 151 9
88 195 250 24 188 0 205 237 264 203 85 150 10
96 195 254 30 188 0 213 237 264 219 91 15000 11
Chip#2
247 185 274 171 122 85 36 262 179 264 125 128 0
247 187 280 171 125 86 36 265 179 264 128 131 1
263 188 285 171 130 93 40 268 179 264 133 137 2
263 181 275 171 175 89 33 261 179 264 124 127 3
247 177 274 155 118 86 33 259 179 264 122 129 4
247 188 279 171 127 90 39 264 179 264 125 129 5
247 183 280 155 119 84 33 261 163 248 124 128 6
263 182 281 171 122 90 37 265 179 264 132 128 7
263 182 282 171 175 85 38 263 179 264 130 129 8
263 182 279 171 175 86 34 262 179 264 125 129 9
247 182 275 171 125 85 34 259 179 264 124 129 10
247 181 280 171 120 86 33 261 179 264 128 15000 11
Chip#1
91 195 254 28 188 0 205 237 264 203 84 155 0
91 195 249 21 188 0 213 237 264 203 80 154 1
94 195 251 28 188 0 205 237 264 203 85 155 2
92 195 252 26 188 0 205 237 264 219 91 155 3
87 195 251 20 188 0 205 237 264 203 83 150 4
96 195 259 31 188 11 213 237 264 219 94 161 5
91 195 250 26 188 0 205 237 264 203 90 153 6
40 195 252 34 188 0 205 237 264 203 90 147 7
95 195 258 30 188 0 205 237 264 203 91 158 8
92 195 254 21 188 11 205 237 264 219 90 155 9
99 195 251 29 188 11 213 237 264 219 88 155 10
92 195 254 26 188 0 205 237 264 203 90 15000 11
Chip#2
263 183 281 171 130 89 39 264 179 264 125 129 0
247 184 280 171 124 89 39 263 179 264 129 129 1
247 185 280 171 125 90 37 263 179 264 132 132 2
263 184 279 171 125 89 37 263 179 280 129 128 3
247 184 276 171 122 84 39 261 179 264 125 124 4
247 184 280 171 125 91 41 265 179 264 132 131 5
247 184 280 155 119 84 34 262 179 264 124 123 6
263 191 286 187 132 95 44 269 179 280 134 135 7
263 188 279 187 127 88 40 264 179 280 133 132 8
263 185 282 171 126 91 40 264 179 280 129 129 9
247 182 279 171 126 89 37 263 179 264 125 124 10
263 191 285 171 128 93 40 267 179 264 133 15000 11
Chip#1
92 195 252 25 188 0 205 237 264 219 91 158 0
135 203 268 40 188 27 277 277 264 251 117 166 1
141 203 265 39 188 11 261 261 264 235 117 161 2
107 195 265 41 188 27 229 237 264 235 101 159 3
111 195 261 39 196 27 341 325 264 251 108 156 4
114 195 261 41 196 11 293 277 264 235 103 156 5
95 195 258 36 188 11 229 237 264 219 92 155 6
117 195 267 57 212 11 341 309 264 251 127 164 7
107 195 263 48 196 27 293 293 264 235 113 163 8
102 195 261 35 188 11 213 237 264 235 99 165 9
109 195 265 41 196 11 309 309 264 251 119 161 10
107 195 261 36 188 11 261 261 264 219 103 15000 11
Chip#2
263 196 285 187 137 96 57 280 195 280 139 135 0
263 190 281 171 175 93 66 289 195 280 130 131 1
263 190 287 171 132 96 60 281 179 264 140 135 2
263 189 281 171 128 94 52 278 179 264 134 132 3
263 188 283 171 128 100 66 296 195 280 135 133 4
263 190 281 187 191 95 56 279 195 280 136 133 5
263 194 286 171 132 98 50 273 179 264 141 133 6
247 190 281 155 127 95 59 284 179 264 132 128 7
263 190 287 171 131 98 57 278 179 280 136 133 8
247 185 286 171 126 94 45 270 179 264 129 132 9
263 187 279 171 128 98 57 280 195 280 133 133 10
263 194 289 171 132 100 56 280 179 280 139 15000 11
Chip#1
105 195 259 34 188 0 205 237 264 219 94 166 0
142 219 261 42 196 27 293 277 264 251 124 163 1
142 219 264 39 196 11 293 277 264 251 115 156 2
102 195 261 40 188 11 229 237 264 219 93 161 3
124 195 261 42 196 27 357 325 264 235 111 155 4
114 195 260 41 196 11 293 293 264 235 103 154 5
101 195 258 41 188 0 213 237 264 219 97 161 6
123 195 261 67 196 11 357 341 264 251 126 160 7
117 195 264 54 180 11 309 293 264 235 120 161 8
102 195 261 43 196 11 229 237 264 235 105 160 9
116 195 263 46 196 27 325 341 264 251 119 161 10
110 195 256 42 188 0 277 277 264 235 103 15000 11
Chip#2
263 198 288 187 133 98 60 290 195 280 138 137 0
263 196 280 171 124 101 78 300 195 280 130 132 1
263 195 286 171 131 99 66 290 179 264 139 138 2
263 192 282 187 131 96 58 284 195 280 136 134 3
279 191 285 187 130 103 84 307 195 280 138 135 4
263 192 286 187 131 99 65 290 195 280 140 137 5
279 194 285 187 191 96 56 277 195 280 138 135 6
279 197 288 187 191 106 76 301 195 273 145 142 7
247 187 287 171 132 95 61 286 179 264 132 134 8
263 190 287 187 127 95 47 270 179 280 133 132 9
279 192 288 187 132 105 69 292 195 280 140 138 10
279 195 285 187 133 99 63 289 195 280 139 15000 11
Chip#1
102 195 255 34 188 0 205 237 264 219 98 166 0
161 219 270 44 188 11 309 293 264 251 128 170 1
158 235 274 39 188 11 309 293 264 251 121 165 2
105 195 252 33 188 0 213 237 264 219 96 154 3
120 195 252 40 188 11 373 341 264 235 111 153 4
118 203 264 48 196 27 325 309 264 251 115 164 5
99 195 264 42 196 27 229 237 264 235 105 160 6
127 195 264 72 212 27 373 357 264 267 138 164 7
123 195 267 61 196 11 325 309 264 251 125 168 8
92 195 252 29 188 11 213 237 264 219 94 155 9
124 195 274 53 196 27 357 357 264 251 134 165 10
112 195 258 42 196 11 277 293 264 235 108 15000 11
Chip#2
263 192 286 171 132 96 67 291 179 264 140 134 0
279 198 287 187 131 105 155 319 195 280 139 135 1
263 194 282 171 125 95 73 294 179 280 130 135 2
247 192 282 171 128 94 61 284 179 264 136 131 3
263 197 285 187 132 114 155 324 195 280 138 135 4
263 188 280 171 132 98 73 291 179 264 134 135 5
263 192 287 187 130 96 56 283 195 280 139 137 6
279 201 295 203 143 116 155 321 211 273 150 145 7
263 190 289 187 137 101 71 295 195 273 141 139 8
263 196 291 187 191 103 57 280 195 273 138 140 9
263 201 293 187 138 108 80 307 195 273 146 142 10
263 198 288 187 136 101 70 292 195 273 139 15000 11
Chip#1
106 195 264 40 188 0 213 237 264 219 103 165 0
154 235 270 53 196 27 325 309 264 267 129 164 1
169 251 282 56 196 27 325 309 264 267 136 171 2
114 195 267 46 196 11 245 245 264 235 110 169 3
129 203 268 48 196 27 461 476 264 251 127 160 4
121 195 263 47 196 11 325 309 264 235 110 155 5
106 195 260 48 180 11 229 237 264 235 105 165 6
131 203 276 80 228 27 461 479 264 260 148 173 7
120 195 264 54 196 11 341 325 264 251 126 164 8
98 195 263 36 188 11 229 237 264 235 106 161 9
124 195 265 47 196 11 357 373 264 251 127 164 10
118 195 269 51 196 27 309 309 264 251 116 15000 11
Chip#2
263 195 285 187 134 101 78 300 195 273 138 137 0
279 206 288 187 139 111 171 341 195 273 143 142 1
263 202 291 187 137 104 89 308 195 273 141 140 2
263 197 292 187 137 103 78 302 195 273 144 143 3
263 198 288 187 138 116 171 341 195 273 145 142 4
263 194 286 171 138 104 86 305 179 264 138 138 5
279 196 289 203 139 103 65 291 195 273 144 142 6
263 196 288 187 139 110 155 322 195 273 145 139 7
279 194 292 187 140 104 84 307 195 273 146 142 8
263 195 287 171 139 100 64 286 179 273 141 140 9
279 202 294 187 143 113 155 314 195 273 145 142 10
279 203 293 187 141 105 84 303 195 273 141 15000 11
