Chip#1
100 99 94 98 92 98 101 101 94 94 94 94 0 243 123 110 23
96 100 94 99 96 98 103 98 96 95 94 94 1 0 0 0 0
94 95 92 97 93 95 103 91 94 92 95 96 2 0 0 0 0
94 98 95 99 100 96 103 95 94 97 98 93 3 0 0 0 0
95 100 95 97 96 96 102 95 92 93 95 94 4 0 0 0 0
98 101 98 98 104 103 105 98 99 98 100 98 5 0 0 0 0
88 92 90 94 89 87 105 89 90 91 90 90 6 0 0 0 0
99 103 94 103 98 99 102 99 99 97 105 97 7 0 0 0 0
98 96 90 98 92 96 102 101 97 95 94 94 8 0 0 0 0
96 101 89 98 98 95 101 98 96 95 100 99 9 0 0 0 0
91 98 86 95 93 92 101 93 91 93 96 92 10 0 0 0 0
99 98 91 95 95 93 92 99 99 92 99 15000 11 0 0 0 0
