Chip#1
81 195 218 17 188 0 205 237 264 203 84 151 0
92 195 260 28 188 0 205 237 264 203 92 152 1
87 195 218 20 188 0 205 237 264 203 81 147 2
91 195 218 22 188 0 205 237 264 139 89 153 3
91 195 251 28 188 0 213 237 264 203 91 150 4
89 195 252 22 188 0 205 237 264 203 86 149 5
91 195 259 26 188 0 205 237 264 203 85 154 6
87 195 218 17 188 0 205 237 264 187 85 147 7
88 195 252 24 188 0 205 237 264 203 91 154 8
88 195 218 25 188 0 205 237 264 203 89 155 9
24 195 218 16 188 0 205 237 264 187 79 147 10
91 195 258 25 188 0 213 237 264 219 88 15000 11
Chip#1
88 195 218 25 188 0 205 237 264 203 91 155 0
40 195 218 25 188 0 205 237 264 203 83 151 1
89 195 218 19 188 0 205 237 264 187 80 149 2
92 195 256 29 188 0 205 237 264 219 88 151 3
40 195 267 33 188 0 213 237 264 203 93 156 4
88 195 218 19 188 0 205 237 264 203 88 150 5
81 195 250 17 188 0 205 237 264 203 81 145 6
83 195 247 21 188 0 213 237 264 203 90 150 7
89 195 252 26 188 0 213 237 264 203 83 149 8
88 195 218 24 188 0 205 237 264 138 88 153 9
87 195 252 24 188 0 205 237 264 203 86 150 10
92 195 256 30 188 0 205 237 264 203 92 15000 11
Chip#1
89 195 218 25 188 0 205 237 264 203 80 149 0
165 235 269 26 188 0 309 277 264 235 99 152 1
168 251 273 25 188 0 293 277 264 219 102 151 2
40 195 260 24 188 0 213 237 264 219 92 150 3
116 195 263 35 188 11 389 357 264 219 106 158 4
106 195 255 28 188 0 309 293 264 219 99 147 5
88 195 260 30 188 0 229 237 264 219 90 151 6
109 195 258 43 188 11 461 479 264 235 112 153 7
110 195 260 39 188 0 357 341 264 235 110 155 8
40 195 218 30 188 0 213 237 264 203 91 156 9
56 195 261 33 188 0 325 341 264 169 113 154 10
106 195 260 31 188 0 277 277 264 219 101 15000 11
Chip#1
95 195 256 25 188 0 213 237 264 219 86 155 0
160 235 263 26 188 0 309 293 264 235 102 153 1
173 251 277 33 188 0 309 277 264 235 106 156 2
40 195 256 25 188 0 213 237 264 203 88 150 3
56 195 261 34 188 0 373 341 264 219 97 149 4
105 195 218 31 188 0 309 277 264 155 102 150 5
92 195 258 28 188 0 229 237 264 219 91 151 6
113 195 258 39 188 11 461 485 264 235 113 150 7
102 195 250 36 188 0 357 325 264 219 103 149 8
87 195 249 17 188 0 213 237 264 203 90 145 9
110 195 261 35 188 0 341 357 264 235 110 154 10
106 195 263 35 188 0 277 277 264 219 101 15000 11
Chip#1
92 195 258 24 188 0 205 237 264 203 91 151 0
165 235 265 28 188 0 293 293 264 219 101 155 1
172 235 269 19 188 0 293 261 264 219 101 149 2
107 195 265 31 188 0 229 237 264 219 98 156 3
121 195 268 36 188 11 389 357 264 235 110 160 4
101 195 259 30 188 0 309 293 264 219 94 151 5
88 195 218 25 188 0 213 237 264 203 86 153 6
112 195 259 42 196 11 461 389 264 235 116 151 7
106 195 261 36 188 0 341 325 264 219 108 154 8
95 195 259 28 188 0 213 237 264 219 96 150 9
56 195 260 39 188 0 325 325 264 235 111 153 10
112 195 258 30 188 0 277 293 264 219 102 15000 11
Chip#1
40 195 259 26 188 0 205 237 264 203 92 155 0
154 235 272 33 188 11 309 277 264 235 108 152 1
164 235 274 29 188 0 277 277 264 167 112 155 2
94 195 252 25 188 0 213 237 264 219 88 149 3
40 195 218 26 188 0 357 325 264 160 103 150 4
112 195 267 34 196 11 309 293 264 235 103 154 5
40 195 256 30 188 0 213 237 264 219 89 151 6
116 195 264 48 188 11 461 373 264 235 117 155 7
105 195 258 35 188 0 341 325 264 235 102 146 8
40 195 254 31 188 0 213 237 264 203 92 155 9
56 195 260 31 188 0 325 341 264 219 110 153 10
102 195 256 33 188 0 277 277 264 203 97 15000 11
