Chip#1
96 98 92 95 104 96 105 97 95 88 95 96 0
99 103 98 99 102 99 103 99 96 95 100 103 1
99 101 94 94 100 98 103 98 99 93 96 97 2
95 96 94 93 97 96 87 95 94 89 98 94 3
99 103 98 95 101 102 102 102 95 97 103 96 4
96 96 90 93 101 95 101 97 94 93 95 97 5
94 98 90 93 95 93 101 97 91 93 95 93 6
98 96 94 95 98 95 88 97 98 94 96 94 7
96 104 97 98 104 99 106 99 96 100 95 101 8
96 98 88 92 95 95 106 97 87 91 92 92 9
93 100 92 97 96 95 106 97 92 91 98 97 10
99 103 95 95 98 96 103 101 91 95 100 15000 11
Chip#1
99 103 100 101 104 99 106 99 100 99 102 98 0
104 104 99 102 104 100 102 98 97 101 103 101 1
98 100 94 90 102 98 102 93 99 93 99 98 2
98 100 93 99 100 100 91 99 92 98 100 99 3
99 98 99 98 104 99 103 106 98 99 105 99 4
95 104 95 97 104 100 103 103 94 100 102 98 5
99 99 91 92 95 99 103 99 92 95 96 97 6
99 103 94 101 102 100 107 104 98 103 104 99 7
104 107 98 107 104 104 106 108 99 103 106 104 8
106 106 98 102 104 100 103 105 95 103 102 103 9
91 98 90 89 92 93 103 96 90 93 92 92 10
99 98 93 97 97 93 102 99 91 98 101 15000 11
Chip#1
98 101 94 98 98 99 102 102 98 100 103 99 0
149 161 107 106 104 108 121 116 105 138 119 107 1
147 174 111 108 104 100 119 115 104 122 121 97 2
104 112 98 103 104 99 105 105 101 107 105 101 3
119 123 107 120 107 115 136 134 109 124 122 104 4
116 123 105 117 114 110 126 120 105 118 118 105 5
105 113 104 108 104 111 114 115 109 114 112 105 6
106 116 102 126 116 106 129 136 106 134 134 103 7
118 118 103 120 112 106 124 128 106 126 124 108 8
111 113 105 108 104 115 115 116 106 114 113 103 9
108 119 99 109 107 106 141 148 104 133 130 101 10
113 117 99 107 105 106 126 135 105 117 117 15000 11
Chip#1
108 112 104 103 95 107 112 113 109 109 111 105 0
174 196 108 116 106 106 135 113 110 151 139 110 1
171 203 113 109 104 104 125 128 104 145 134 101 2
116 123 105 113 105 112 120 115 109 117 117 104 3
135 148 111 127 123 119 155 153 126 149 141 111 4
121 141 103 122 118 111 138 141 110 130 126 103 5
110 111 108 116 108 108 119 120 111 117 110 104 6
125 132 105 148 144 114 152 157 119 162 153 108 7
123 137 107 134 124 116 141 145 118 151 144 109 8
104 106 99 106 104 104 120 114 104 112 111 99 9
124 141 108 123 121 108 165 177 121 154 147 107 10
125 132 109 121 118 116 154 154 119 142 133 15000 11
Chip#1
115 119 112 108 104 115 118 124 109 115 123 117 0
190 217 122 120 120 116 152 148 121 175 161 121 1
197 225 128 121 113 111 144 146 123 170 157 108 2
119 128 109 112 104 112 125 120 109 121 118 108 3
145 160 118 132 135 128 170 171 124 164 154 116 4
125 143 112 123 123 114 144 151 113 146 138 105 5
115 117 114 122 112 126 130 133 119 131 121 113 6
140 150 116 169 166 127 171 176 119 185 174 115 7
134 141 114 140 138 119 155 159 119 165 154 110 8
123 126 111 121 113 122 135 146 120 133 130 115 9
136 149 111 135 130 122 193 204 120 173 164 113 10
135 145 118 127 127 120 164 168 124 144 144 15000 11
Chip#1
118 112 107 107 104 112 117 116 108 112 122 115 0
203 223 130 131 122 122 159 157 125 190 173 122 1
211 242 136 132 127 124 158 159 126 190 173 121 2
125 143 113 118 117 122 133 134 118 126 124 115 3
147 163 123 140 139 128 183 179 119 174 162 113 4
142 158 116 134 135 124 165 165 121 158 145 113 5
116 117 109 121 120 119 131 136 116 131 123 114 6
144 156 121 180 174 128 188 190 116 199 188 117 7
136 151 121 156 152 132 167 174 125 178 171 119 8
116 123 107 117 109 114 135 136 114 134 128 114 9
140 160 121 137 141 131 212 228 130 191 179 115 10
140 154 118 136 135 127 179 186 117 161 157 15000 11
