Chip#1
89 195 251 29 188 0 205 237 264 219 88 154 0
92 195 251 25 188 0 205 237 264 219 83 155 1
88 195 254 28 188 0 205 237 264 219 85 158 2
95 195 256 29 188 0 213 237 264 219 84 154 3
98 195 255 28 188 11 213 237 264 219 88 161 4
85 195 245 19 188 0 213 237 262 219 80 147 5
88 195 249 29 188 0 205 237 264 219 85 155 6
94 195 247 25 188 0 213 237 264 219 89 158 7
89 195 251 25 188 0 213 237 264 219 84 152 8
88 195 247 24 188 0 205 237 264 219 86 152 9
88 195 254 26 188 0 213 237 264 219 88 154 10
83 195 218 14 188 0 205 237 264 203 80 15000 11
