Chip#1
80 195 218 17 188 0 205 237 264 135 77 149 0
84 195 218 17 188 0 205 237 264 138 80 149 1
87 195 218 24 188 0 205 237 264 203 83 151 2
24 195 218 25 188 0 205 237 264 137 83 150 3
40 195 218 31 188 0 205 237 264 203 90 155 4
91 195 218 26 188 0 205 237 264 140 88 158 5
91 195 256 30 188 0 213 237 264 203 86 158 6
96 195 218 26 188 0 213 237 264 203 88 151 7
94 195 218 25 188 0 205 237 264 203 90 158 8
91 195 218 21 188 0 205 237 264 203 91 158 9
80 195 218 19 188 0 205 237 264 187 76 149 10
89 195 218 30 188 0 205 237 264 203 89 15000 11
