Chipdp
120 0 0 2 16 6 4 7 9 7 10 8 9 8 10 4 10 9 10 10 11 9 11 10 4 7 6 7 7 8 6 8 7 4 10 6 10 7 11 6 11 7 4 7 3 7 4 8 3 8 4 4 10 3 10 4 11 3 11 4 4 7 0 7 1 8 0 8 1 4 10 0 10 1 11 0 11 1 4 4 9 4 10 5 9 5 10 4 1 9 1 10 2 9 2 10 4 4 6 4 7 5 6 5 7 4 1 6 1 7 2 6 2 7 4 4 3 4 4 5 3 5 4 4 1 3 1 4 2 3 2 4 4 4 0 4 1 5 0 5 1 4 1 0 1 1 2 0 2 1 4 7 0 7 1 8 0 8 1 4 10 0 10 1 11 0 11 1 4 7 3 7 4 8 3 8 4 4 10 3 10 4 11 3 11 4 4 7 6 7 7 8 6 8 7 4 10 6 10 7 11 6 11 7 4 7 9 7 10 8 9 8 10 4 10 9 10 10 11 9 11 10 4 4 0 4 1 5 0 5 1 4 1 0 1 1 2 0 2 1 4 4 3 4 4 5 3 5 4 4 1 3 1 4 2 3 2 4 4 4 6 4 7 5 6 5 7 4 1 6 1 7 2 6 2 7 4 4 9 4 10 5 9 5 10 4 1 9 1 10 2 9 2 10 
Chip#1
99 195 259 26 188 0 213 237 264 219 96 154 0
176 235 272 39 188 0 309 293 264 235 113 163 1
179 251 272 28 188 0 309 293 264 235 113 156 2
94 195 218 20 188 0 213 237 264 203 88 147 3
117 195 258 31 188 0 389 357 264 219 102 149 4
105 195 218 24 188 0 309 293 264 219 91 139 5
91 195 218 29 188 0 213 237 264 151 86 149 6
121 195 263 57 212 27 461 373 264 251 116 152 7
113 195 259 42 196 0 341 325 264 235 105 151 8
101 195 256 30 188 0 213 237 264 219 93 158 9
56 195 255 31 188 0 341 341 264 235 111 154 10
56 195 260 38 188 0 293 293 264 235 105 15000 11
Chip#1
89 195 254 15 188 0 205 237 264 203 86 155 0
172 235 276 34 188 11 309 293 264 251 116 159 1
167 251 269 24 188 0 293 277 264 235 105 146 2
89 195 254 15 188 0 229 237 264 219 86 145 3
120 195 265 35 188 11 461 357 264 235 106 150 4
113 195 261 36 196 11 325 309 264 235 103 159 5
89 195 258 30 188 0 229 237 264 219 92 152 6
114 195 259 47 196 11 389 373 264 251 116 149 7
110 195 263 46 196 11 325 325 264 235 112 155 8
94 195 263 29 188 0 213 237 264 219 98 156 9
112 195 267 41 196 11 357 357 264 251 119 159 10
109 195 260 35 196 11 293 293 264 235 103 15000 11
Chip#1
84 195 218 20 188 0 205 237 264 203 80 150 0
156 235 261 33 188 0 309 277 264 235 102 158 1
172 235 276 36 188 0 293 277 264 235 106 158 2
103 195 264 31 188 0 229 237 264 219 94 158 3
124 195 264 41 188 11 389 357 264 235 108 160 4
56 195 263 39 188 11 309 293 264 219 101 153 5
91 195 261 35 188 0 229 237 264 219 92 155 6
56 195 259 51 196 11 373 357 264 235 117 159 7
106 195 258 42 180 0 325 309 264 235 103 151 8
91 195 256 29 188 0 229 245 264 235 96 150 9
106 195 261 35 188 0 341 357 264 235 111 154 10
107 195 261 35 188 0 277 277 264 219 98 15000 11
