Chip#1
96 99 99 95 88 90 95 93 93 93 85 98 0
94 112 100 95 119 115 103 111 95 95 107 98 1
102 116 107 99 125 121 103 108 99 95 116 108 2
96 95 94 89 87 85 103 88 87 84 93 89 3
92 116 107 93 124 121 103 125 104 87 124 113 4
96 119 107 92 124 116 103 124 95 93 120 103 5
95 93 99 93 96 94 103 89 92 93 103 96 6
92 117 115 92 124 114 93 131 98 88 117 102 7
95 113 103 87 115 115 103 122 92 88 107 99 8
101 102 103 89 93 93 98 93 95 102 101 98 9
96 116 103 90 118 112 103 119 98 90 107 102 10
103 103 102 96 110 108 104 116 96 91 97 15000 11
Chip#2
109 109 103 109 111 109 112 110 114 105 116 109 0
97 121 129 95 126 130 97 119 124 98 126 114 1
101 115 120 99 121 124 102 118 120 98 130 117 2
106 103 103 105 107 106 106 108 109 105 109 107 3
98 123 130 97 126 129 96 127 131 100 131 116 4
105 110 108 91 115 117 99 118 121 99 124 114 5
106 99 100 98 105 103 105 104 109 105 103 103 6
105 130 142 111 146 132 101 143 138 103 140 123 7
93 109 112 90 116 116 100 122 114 98 122 103 8
104 108 102 102 109 104 103 108 101 106 105 103 9
99 134 136 105 145 133 101 143 129 103 146 117 10
107 110 109 104 117 112 109 122 116 100 124 15000 11
Chip#1
105 106 112 107 103 99 116 100 99 104 115 108 0
105 130 129 99 164 153 103 147 93 91 135 102 1
98 144 149 96 171 162 103 141 99 84 154 112 2
98 100 99 96 90 91 103 88 93 90 95 99 3
101 155 152 104 171 166 103 190 134 99 182 141 4
100 151 151 93 162 153 103 171 114 99 171 129 5
92 96 94 92 91 93 103 90 89 90 93 98 6
98 166 174 102 185 176 103 206 140 91 188 142 7
98 143 151 96 158 156 103 206 118 95 151 120 8
101 107 106 95 97 97 103 99 95 104 111 101 9
105 148 148 101 159 157 107 183 119 96 159 123 10
107 121 120 95 140 138 105 149 107 98 121 15000 11
Chip#2
99 97 96 102 98 99 104 99 106 99 105 96 0
103 136 164 101 145 159 108 140 140 101 149 137 1
104 124 143 105 138 144 104 137 135 103 156 139 2
103 108 103 104 107 106 106 104 110 105 107 104 3
109 166 170 109 165 189 107 162 178 109 177 149 4
99 123 129 99 132 137 103 135 161 103 150 131 5
103 102 100 104 102 101 104 104 105 103 103 102 6
107 166 181 106 179 189 108 176 177 109 178 143 7
103 125 136 105 138 136 104 155 137 110 148 127 8
103 104 102 108 102 104 109 101 104 104 104 105 9
106 182 180 111 183 159 106 184 176 109 190 134 10
109 115 122 106 130 120 112 139 125 109 145 15000 11
Chip#1
101 99 104 95 93 99 103 94 89 98 93 96 0
98 255 330 93 426 382 103 369 198 95 363 166 1
100 342 461 104 496 420 104 344 198 95 467 211 2
102 106 104 98 105 100 103 105 96 96 99 99 3
95 377 473 96 489 448 108 540 370 104 589 334 4
98 369 453 99 465 400 103 466 318 101 557 305 5
96 102 100 93 106 105 103 108 95 90 101 98 6
95 418 541 110 553 480 103 582 417 87 584 335 7
98 344 423 90 453 398 103 477 326 87 453 267 8
96 106 97 92 109 106 103 109 89 98 103 99 9
100 348 453 95 451 419 103 482 329 87 476 258 10
98 249 311 95 355 355 103 387 269 88 321 15000 11
Chip#2
107 109 103 106 110 106 108 110 109 106 106 103 0
110 283 391 111 337 407 113 279 301 114 329 269 1
107 230 305 111 276 319 112 243 263 106 340 288 2
107 114 109 119 114 115 111 115 115 111 117 113 3
109 344 431 116 383 445 113 367 413 109 408 303 4
112 230 258 113 275 293 112 292 335 114 335 273 5
111 114 114 116 119 117 117 122 121 115 117 117 6
104 362 471 113 447 408 113 438 399 111 434 301 7
110 230 255 119 279 264 120 322 283 110 300 211 8
111 114 109 118 116 116 116 118 118 114 112 111 9
104 398 461 109 453 376 109 447 377 106 484 241 10
101 141 168 108 225 197 109 243 209 105 265 15000 11
Chip#1
99 100 102 98 94 91 103 97 86 93 93 98 0
93 255 326 89 426 380 103 368 201 85 362 167 1
95 343 454 102 495 427 103 343 194 90 470 211 2
93 103 99 95 100 97 103 100 96 82 99 96 3
96 367 469 95 482 440 103 534 362 98 583 329 4
93 365 425 93 459 395 92 457 312 91 552 298 5
113 113 106 105 113 109 111 115 110 101 109 108 6
98 419 539 104 547 478 103 580 417 96 586 334 7
95 339 425 90 448 394 103 476 322 91 455 264 8
96 105 100 90 106 105 103 106 90 91 100 98 9
107 356 458 104 460 427 114 492 337 96 483 267 10
113 252 316 102 363 359 110 392 270 99 323 15000 11
Chip#2
105 109 109 112 113 112 110 114 112 110 114 110 0
107 281 387 111 331 408 110 273 297 109 324 266 1
107 246 302 115 281 329 110 243 265 113 347 291 2
114 123 115 119 115 115 120 119 120 119 121 117 3
110 351 430 116 381 445 114 372 417 114 405 311 4
113 246 266 116 282 306 119 299 344 116 341 280 5
105 112 105 106 110 108 112 112 110 111 111 111 6
118 373 478 106 453 412 114 448 402 115 439 311 7
107 230 254 113 274 256 116 322 279 109 300 211 8
112 116 114 112 113 110 109 118 115 111 112 113 9
123 422 472 112 478 388 120 458 387 118 495 254 10
113 166 181 115 235 204 118 252 218 116 281 15000 11
Chip#1
107 107 107 101 99 103 103 102 95 101 103 103 0
101 257 336 96 431 384 104 372 207 91 367 174 1
110 346 461 98 499 425 104 345 200 91 467 212 2
93 100 99 95 99 96 103 103 90 90 93 91 3
95 371 466 99 484 435 103 532 359 96 580 325 4
90 364 447 99 462 394 103 460 309 96 549 297 5
105 109 104 96 113 112 103 115 102 90 108 103 6
97 422 545 98 547 485 103 589 421 90 586 337 7
105 346 455 107 462 400 107 486 334 99 463 268 8
96 110 104 92 107 106 103 111 96 93 104 101 9
104 355 451 104 453 420 105 490 333 99 482 266 10
111 249 317 98 362 360 111 386 272 101 322 15000 11
Chip#2
105 105 102 108 111 107 109 107 112 108 112 107 0
98 273 378 102 330 400 103 265 293 103 321 256 1
116 230 306 118 291 334 121 246 270 118 355 290 2
116 120 116 120 123 124 118 122 126 115 123 116 3
112 354 440 120 384 445 118 373 424 119 412 311 4
110 230 251 112 273 299 110 288 340 110 335 279 5
107 108 103 108 109 107 110 117 109 108 112 108 6
112 369 472 119 452 412 118 446 403 116 440 313 7
116 230 259 115 278 264 116 321 286 110 305 211 8
109 112 103 112 113 112 113 116 115 110 112 111 9
110 404 464 116 469 384 117 448 379 115 494 250 10
109 144 171 111 230 196 108 249 213 108 281 15000 11
Chip#1
108 106 113 108 102 100 110 99 93 99 103 99 0
101 255 333 96 430 380 103 369 205 95 366 173 1
98 344 461 96 500 428 103 351 202 91 470 219 2
95 109 100 93 100 100 103 103 93 90 95 92 3
102 372 471 102 485 441 107 537 368 102 583 330 4
96 367 430 96 463 399 103 464 319 90 558 309 5
95 109 94 90 104 109 103 108 84 84 107 98 6
92 427 551 98 561 485 104 594 424 91 605 347 7
98 346 447 90 451 396 103 480 330 87 455 266 8
100 109 106 98 106 100 103 111 95 91 101 103 9
108 351 458 101 463 424 108 492 333 101 488 272 10
101 252 316 98 366 356 104 392 272 96 323 15000 11
Chip#2
110 111 106 111 111 108 113 112 113 114 118 114 0
104 278 385 106 333 407 111 267 295 110 323 262 1
104 230 301 109 281 325 113 243 263 111 341 290 2
109 112 106 111 114 109 109 112 120 111 112 114 3
109 351 427 115 383 427 114 368 408 110 407 304 4
106 230 255 108 272 292 111 290 335 111 333 272 5
111 116 106 112 115 115 113 115 115 113 115 117 6
105 363 467 109 446 403 114 435 398 108 434 303 7
109 214 257 118 279 264 117 324 286 115 300 202 8
111 116 113 115 115 118 113 116 120 119 120 115 9
107 400 464 116 469 376 114 451 377 110 488 249 10
103 143 167 109 224 198 105 246 205 105 265 15000 11
