Chip#1
94 99 99 95 95 98 105 93 94 94 90 96 0
98 107 103 99 95 102 105 103 99 100 103 107 1
103 106 104 101 95 104 105 103 105 102 104 105 2
96 94 95 93 95 98 105 98 98 97 99 92 3
93 98 95 93 98 92 85 97 92 94 95 93 4
100 103 108 100 104 103 102 107 105 105 105 108 5
98 104 99 99 95 100 102 106 101 102 102 105 6
101 107 95 95 95 99 102 103 101 105 105 101 7
98 105 99 95 104 99 102 105 100 100 99 103 8
98 104 100 102 95 103 102 104 101 103 96 102 9
88 94 93 89 95 85 85 98 92 93 96 96 10
101 104 100 98 95 93 102 109 99 103 101 15000 11
Chip#1
94 103 98 92 104 95 102 101 94 99 92 97 0
100 105 98 99 102 99 102 103 102 101 104 104 1
94 98 93 93 98 91 102 98 98 95 100 96 2
95 100 99 95 102 93 102 102 99 100 100 99 3
103 101 103 101 104 103 102 102 99 102 103 99 4
96 100 95 94 95 96 102 107 105 99 100 90 5
94 96 99 95 98 95 91 99 96 93 96 93 6
99 105 100 99 98 102 102 106 105 100 99 98 7
99 101 102 102 104 100 103 107 106 106 105 104 8
90 100 94 89 95 96 103 97 95 94 93 97 9
103 103 102 101 95 104 106 110 101 99 106 99 10
96 100 102 95 104 93 101 104 102 98 101 15000 11
Chip#1
95 103 97 94 101 93 101 101 98 101 100 98 0
135 148 103 102 101 96 107 109 100 121 115 97 1
142 164 112 106 104 102 115 116 105 128 121 109 2
100 107 99 95 95 98 92 104 98 104 101 99 3
111 121 108 108 95 102 118 121 106 122 113 101 4
104 107 99 98 104 103 109 110 99 112 110 96 5
103 109 105 108 95 108 106 113 109 109 103 102 6
110 115 108 121 117 106 126 130 109 135 127 109 7
104 111 102 109 109 102 113 126 106 135 126 108 8
98 99 98 94 104 95 113 103 104 106 100 96 9
113 119 104 108 109 108 135 142 110 138 123 103 10
115 118 109 108 112 106 125 135 110 123 115 15000 11
Chip#1
96 106 100 98 95 95 125 102 103 104 102 101 0
165 189 109 103 104 100 115 119 104 136 128 101 1
182 212 123 112 108 110 119 119 113 145 136 107 2
106 117 99 98 95 98 106 106 105 109 106 98 3
109 124 102 103 95 100 125 106 109 130 124 96 4
111 123 105 106 113 107 119 127 110 123 122 105 5
108 110 103 108 106 108 112 118 111 114 112 108 6
116 126 108 135 130 111 137 147 115 150 145 105 7
118 121 104 123 115 108 126 134 110 130 132 107 8
106 117 103 107 105 103 112 124 106 118 110 107 9
115 124 104 120 116 104 153 165 115 145 140 103 10
121 122 102 114 112 108 127 141 105 128 122 15000 11
Chip#1
101 103 98 95 79 98 93 108 104 103 104 105 0
201 224 117 114 111 107 127 108 113 158 151 109 1
202 244 127 113 105 103 121 134 120 156 142 105 2
110 123 104 103 95 104 106 119 110 117 106 101 3
129 143 113 118 123 116 147 151 125 152 145 110 4
113 126 104 111 115 104 127 135 106 130 122 102 5
104 109 107 113 109 110 111 119 113 118 109 108 6
124 142 109 150 142 114 153 161 125 167 158 109 7
115 124 108 126 127 111 135 147 114 149 142 105 8
105 107 102 99 105 106 112 118 106 115 107 96 9
124 138 114 123 129 115 177 192 124 165 157 109 10
123 138 111 116 119 111 148 158 115 136 130 15000 11
Chip#1
110 111 107 102 95 108 103 112 108 116 115 109 0
220 244 112 113 104 100 129 132 113 169 157 105 1
220 272 130 117 108 106 127 115 116 167 153 103 2
106 127 105 100 104 106 111 118 104 119 113 104 3
129 145 114 120 120 111 152 155 124 162 147 103 4
111 134 102 112 111 104 132 115 108 141 132 99 5
104 115 109 116 111 114 119 115 119 121 116 110 6
124 141 114 160 158 118 172 176 121 183 174 109 7
118 141 109 136 131 111 144 151 115 153 150 108 8
105 115 103 109 95 110 117 115 106 128 116 108 9
125 148 111 123 129 112 194 208 125 177 165 104 10
130 134 113 127 124 116 160 167 114 146 145 15000 11
