Chip#1
108 104 101 104 103 107 115 104 95 108 104 109 0
100 100 96 101 97 99 106 95 88 106 107 100 1
105 104 105 103 100 130 141 105 96 111 102 99 2
98 102 95 93 93 143 160 95 90 105 94 99 3
104 105 100 102 105 97 109 98 88 104 105 105 4
102 102 92 101 95 143 166 97 129 149 100 92 5
107 110 102 108 103 159 176 104 148 165 107 108 6
94 100 95 92 89 96 103 93 87 97 95 98 7
100 100 102 98 98 99 105 100 95 104 101 104 8
99 100 99 98 98 99 100 95 90 99 96 101 9
99 103 95 96 98 96 98 97 89 100 105 100 10
99 100 96 92 99 95 97 90 85 102 101 104 15000 11
Chip#2
103 95 96 102 103 98 99 94 98 95 93 104 0
99 102 96 100 99 93 99 98 95 93 98 107 1
106 103 95 104 103 105 102 101 101 100 103 111 2
100 99 91 94 94 98 99 98 100 92 94 103 3
100 102 98 102 101 101 105 102 97 97 102 106 4
97 94 97 95 95 91 92 93 95 93 93 98 5
103 103 95 104 102 102 102 98 104 100 101 111 6
102 98 95 103 101 97 117 122 105 111 119 106 7
96 95 95 99 94 94 106 111 97 103 114 106 8
96 96 95 99 94 92 95 93 98 92 97 100 9
99 96 95 99 94 94 107 119 100 96 97 103 10
103 95 95 99 97 98 109 110 105 96 98 103 15000 11
Chip#1
104 105 104 98 99 102 106 105 94 108 102 108 0
93 98 96 93 93 94 105 94 89 97 102 100 1
93 92 94 92 98 143 166 93 93 106 95 96 2
93 102 98 93 94 175 201 102 97 111 99 97 3
103 108 107 106 103 106 113 105 97 114 108 112 4
96 99 96 96 95 159 201 102 170 179 100 98 5
103 105 98 104 100 207 226 102 194 198 106 105 6
99 104 99 104 100 100 105 99 97 103 106 101 7
98 102 102 98 97 100 98 97 92 103 102 98 8
108 105 100 108 109 106 111 108 96 108 109 109 9
97 99 99 99 99 97 101 98 89 105 105 104 10
103 102 96 101 99 99 105 100 89 104 104 107 15000 11
Chip#2
106 99 95 102 102 102 105 96 105 96 101 107 0
92 88 95 92 94 93 89 85 93 85 89 99 1
100 92 95 95 99 96 95 96 97 89 97 101 2
99 93 95 99 96 98 101 96 99 89 97 99 3
102 93 95 97 99 97 102 93 98 89 97 102 4
95 92 95 95 96 93 93 90 94 88 98 95 5
104 104 96 105 109 106 106 102 104 103 107 111 6
103 98 96 103 106 100 130 145 101 122 145 109 7
106 102 96 100 105 100 121 126 103 110 130 110 8
111 106 96 107 106 112 110 110 107 102 103 113 9
100 98 96 102 95 98 125 137 104 96 101 106 10
106 99 95 102 102 100 117 124 105 96 103 104 15000 11
Chip#1
88 95 88 89 89 85 93 90 81 93 91 95 0
105 108 99 107 95 96 109 102 97 105 101 113 1
98 97 93 99 98 239 256 98 112 124 99 96 2
103 102 96 103 100 320 361 99 125 132 100 104 3
100 106 101 109 103 109 109 105 97 108 108 102 4
104 110 104 104 108 277 392 105 289 338 105 111 5
108 105 107 103 103 320 439 108 320 363 107 106 6
102 105 99 102 103 101 108 100 97 105 104 109 7
100 104 99 103 105 105 106 97 95 102 102 104 8
102 99 96 96 97 101 101 100 88 99 99 101 9
99 103 99 96 102 97 103 99 89 103 99 102 10
97 103 98 97 102 94 106 95 92 103 100 100 15000 11
Chip#2
102 100 95 102 102 105 102 94 101 97 97 104 0
99 98 95 98 99 98 101 97 100 90 99 103 1
103 95 95 103 103 100 99 98 100 97 97 107 2
102 95 95 99 99 100 102 98 100 93 94 106 3
100 99 94 99 101 104 102 100 100 100 99 104 4
103 104 99 100 107 104 106 104 103 103 101 110 5
99 98 99 97 105 100 101 104 97 95 105 106 6
111 109 101 112 110 111 252 355 119 251 320 125 7
103 100 96 102 99 106 192 253 106 173 231 112 8
103 102 98 102 102 102 111 112 99 97 99 106 9
107 104 99 103 109 106 221 308 114 118 130 109 10
103 94 99 97 97 100 172 234 103 106 114 102 15000 11
Chip#1
102 103 102 102 102 96 111 100 90 103 106 109 0
103 106 101 103 102 100 109 99 94 103 104 108 1
97 98 98 99 100 255 259 97 130 138 100 106 2
104 110 111 109 110 322 370 110 146 152 109 114 3
107 110 113 111 108 124 119 109 114 109 114 111 4
103 104 98 102 105 280 388 102 287 332 102 104 5
98 104 100 104 103 324 444 103 327 370 105 109 6
94 102 95 102 97 97 105 92 94 99 101 100 7
99 104 100 104 102 102 106 99 96 105 101 104 8
102 98 98 101 99 100 105 100 94 105 102 102 9
99 98 94 96 99 94 106 89 94 100 104 100 10
92 92 93 91 89 91 99 90 83 93 95 94 15000 11
Chip#2
94 96 99 93 96 94 98 93 95 86 95 97 0
99 98 99 100 98 100 102 94 100 90 101 107 1
108 104 101 104 110 108 110 107 109 104 113 112 2
106 99 98 102 103 106 107 105 104 99 101 106 3
100 100 95 104 103 106 101 106 103 96 103 104 4
102 100 94 103 102 102 107 98 103 97 99 106 5
99 96 94 97 98 98 105 108 98 103 109 100 6
104 96 94 99 101 102 295 438 116 281 385 120 7
103 104 96 104 101 105 221 311 110 202 282 120 8
107 107 96 102 103 105 110 119 106 99 107 103 9
107 103 95 107 99 100 257 375 119 131 149 113 10
102 96 95 97 101 102 203 277 110 114 127 103 15000 11
Chip#1
97 95 96 96 103 94 105 98 95 105 102 107 0
100 104 99 103 100 97 114 103 93 105 104 104 1
98 102 100 101 107 255 262 100 147 147 106 102 2
104 104 101 102 99 313 357 99 140 148 105 99 3
109 112 106 110 105 107 116 111 106 108 106 113 4
107 111 106 108 110 282 399 105 294 338 109 114 5
102 103 106 103 98 319 437 102 324 357 99 105 6
94 96 94 96 98 91 97 90 92 97 95 97 7
98 100 102 98 97 96 108 94 93 102 96 97 8
99 103 100 98 100 99 104 98 89 102 101 99 9
99 106 104 107 105 101 110 98 97 109 106 109 10
110 104 107 108 110 105 114 107 97 109 110 114 15000 11
Chip#2
107 99 99 102 105 102 106 107 104 96 105 108 0
98 95 99 97 98 94 95 100 93 89 97 104 1
106 104 98 105 110 107 109 110 107 100 109 108 2
108 106 92 105 106 108 109 107 104 96 105 108 3
103 98 94 100 106 101 103 101 97 93 103 106 4
106 98 94 105 102 101 105 100 101 90 103 109 5
104 106 96 104 111 111 113 116 109 107 119 113 6
112 104 100 105 109 105 319 483 123 302 423 133 7
107 108 101 105 109 112 225 340 115 217 309 120 8
108 100 96 100 105 104 109 116 101 99 107 107 9
111 102 96 104 102 102 272 399 123 131 153 113 10
110 102 96 102 103 102 219 298 112 114 133 107 15000 11
Chip#1
99 102 96 101 105 97 108 104 88 104 105 106 0
100 97 99 99 103 97 109 99 93 102 107 107 1
103 110 106 106 97 255 276 102 137 147 106 106 2
100 100 96 103 103 319 364 98 147 146 100 100 3
98 104 100 104 100 105 111 98 94 108 101 99 4
94 96 98 97 97 278 401 98 292 335 99 100 5
102 102 99 101 98 329 441 100 332 373 101 105 6
96 96 96 103 99 95 110 99 92 102 97 101 7
102 104 106 102 107 101 111 107 97 104 104 108 8
102 102 101 106 105 101 110 110 96 110 107 107 9
109 105 104 104 104 102 111 105 100 112 112 111 10
100 103 101 103 103 102 106 98 93 104 105 105 15000 11
Chip#2
106 103 95 105 102 104 98 98 101 93 103 108 0
106 104 94 104 101 102 98 98 99 90 101 104 1
103 100 95 103 101 105 102 104 101 95 101 106 2
108 103 98 104 101 104 103 102 101 95 103 99 3
96 94 94 99 98 100 101 98 95 93 99 99 4
104 102 96 105 105 102 103 102 100 97 102 104 5
103 99 96 107 105 101 110 122 100 102 118 104 6
104 108 98 108 109 108 373 571 122 351 482 133 7
106 99 98 105 98 101 251 395 110 245 357 113 8
104 102 95 105 102 104 113 124 101 99 106 106 9
114 108 103 114 111 112 335 501 131 157 172 116 10
108 107 95 103 102 106 237 367 115 124 149 106 15000 11
