Chip#1
88 195 218 28 188 0 205 237 264 187 85 153 0
92 195 256 26 188 0 205 237 264 203 85 151 1
89 195 249 20 188 0 205 237 264 203 83 147 2
89 195 254 22 188 0 205 237 264 203 80 150 3
84 195 218 25 188 0 205 237 264 187 83 147 4
88 195 218 26 188 0 205 237 264 203 84 150 5
89 195 252 28 188 0 205 237 264 219 81 149 6
85 195 218 21 188 0 205 237 264 203 84 149 7
84 195 218 19 188 0 205 237 264 203 76 145 8
92 195 218 28 188 0 205 237 264 203 88 153 9
40 195 218 26 188 0 205 237 264 203 89 150 10
87 195 247 25 188 0 205 237 264 203 80 15000 11
Chip#1
87 195 249 25 188 0 205 237 264 203 85 155 0
95 195 252 25 188 0 213 237 264 219 89 156 1
40 195 218 22 188 0 205 237 264 138 85 154 2
87 195 218 20 188 0 205 237 264 203 83 145 3
40 195 254 26 188 0 205 237 264 203 86 149 4
91 195 252 25 188 0 205 237 264 203 84 150 5
89 195 218 26 188 0 205 237 264 203 83 150 6
89 195 251 21 188 0 205 237 264 203 85 150 7
24 195 218 29 188 0 205 237 264 203 85 146 8
85 195 218 22 188 0 205 237 264 203 79 151 9
92 195 218 25 188 0 205 237 264 203 86 149 10
81 195 250 21 188 0 205 237 264 203 79 15000 11
Chip#1
85 195 218 21 188 0 205 237 264 203 75 147 0
139 195 270 35 188 11 293 277 264 235 106 159 1
143 203 272 36 188 0 293 277 264 235 110 163 2
95 195 259 31 188 0 213 237 264 203 88 158 3
114 195 259 36 188 11 373 341 264 219 99 149 4
56 195 256 38 188 0 309 293 264 219 97 154 5
40 195 259 35 188 0 213 237 264 203 85 155 6
56 195 261 49 188 11 373 341 264 235 115 159 7
56 195 263 40 188 0 325 293 264 235 103 155 8
89 195 254 29 188 0 213 237 264 219 90 153 9
112 195 263 39 188 11 341 341 264 251 111 156 10
112 195 263 38 196 11 293 293 264 235 101 15000 11
Chip#1
92 195 258 28 188 0 205 237 264 219 98 155 0
72 195 261 35 188 0 293 261 264 235 115 156 1
136 203 270 36 188 0 293 277 264 235 113 153 2
95 195 260 35 188 0 229 237 264 219 94 156 3
112 195 259 39 188 11 373 341 264 235 108 156 4
56 195 263 39 188 11 309 293 264 235 105 156 5
98 195 264 42 188 11 229 237 264 235 98 159 6
56 195 258 56 188 11 373 341 264 251 121 154 7
56 195 269 51 188 0 325 309 264 235 119 161 8
40 195 218 29 188 0 213 237 264 151 93 154 9
112 195 261 38 188 11 325 341 264 251 115 154 10
56 195 261 41 188 0 277 277 264 219 107 15000 11
Chip#1
40 195 218 26 188 0 205 237 264 203 85 151 0
72 195 259 38 188 0 293 277 264 235 116 159 1
143 203 276 40 188 11 293 293 264 251 121 160 2
56 195 264 36 188 0 229 237 264 219 97 159 3
117 195 264 41 188 11 373 341 264 251 108 153 4
116 195 267 43 188 11 309 293 264 235 105 156 5
40 195 259 35 188 0 213 237 264 219 94 159 6
120 195 269 65 212 27 389 373 264 267 136 161 7
118 195 267 49 180 11 325 309 264 251 119 161 8
94 195 259 33 188 0 213 237 264 219 92 155 9
56 195 261 42 188 0 325 325 264 235 119 158 10
56 195 259 42 188 0 277 277 264 235 106 15000 11
Chip#1
98 195 261 31 188 0 205 237 264 219 93 161 0
124 195 255 35 188 0 293 277 264 251 112 155 1
135 203 269 35 188 11 293 277 264 251 120 155 2
112 195 265 41 188 11 245 237 264 235 106 163 3
129 195 273 51 196 27 389 357 264 251 124 159 4
124 195 265 40 180 0 309 293 264 235 107 158 5
96 195 263 38 188 11 229 237 264 219 96 158 6
117 195 260 63 196 11 373 357 264 251 129 158 7
56 195 259 43 180 11 325 293 264 235 113 158 8
96 195 264 36 188 0 229 237 264 219 96 156 9
105 195 261 40 188 11 325 341 264 251 116 154 10
56 195 261 43 188 0 277 277 264 173 112 15000 11
