Chipdp
165 1 7 48 48 48 48 48 48 48 48 48 48 48 48 65 83 81 82 77 48 56 52 50 48 50 49 49 48 51 48 48 49 51 49 3 208 4 8 2 0 0 0 0 4 6 8 7 8 6 9 7 9 4 6 5 7 5 6 6 7 6 4 9 8 10 8 9 9 10 9 4 9 5 10 5 9 6 10 6 4 3 8 4 8 3 9 4 9 4 3 5 4 5 3 6 4 6 4 3 2 4 2 3 3 4 3 4 6 2 7 2 6 3 7 3 4 6 7 7 7 6 8 7 8 4 6 4 7 4 6 5 7 5 4 3 7 4 7 3 8 4 8 4 3 4 4 4 3 5 4 5 4 9 7 10 7 9 8 10 8 4 9 4 10 4 9 5 10 5 4 9 1 10 1 9 2 10 2 4 6 1 7 1 6 2 7 2 4 5 2 6 2 5 3 6 3 4 5 5 6 5 5 6 6 6 4 8 2 9 2 8 3 9 3 4 8 5 9 5 8 6 9 6 4 2 2 3 2 2 3 3 3 4 2 5 3 5 2 6 3 6 4 2 8 3 8 2 9 3 9 4 5 8 6 8 5 9 6 9 4 6 9 7 9 6 10 7 10 4 6 6 7 6 6 7 7 7 4 9 9 10 9 9 10 10 10 4 9 6 10 6 9 7 10 7 4 3 9 4 9 3 10 4 10 4 3 6 4 6 3 7 4 7 4 3 3 4 3 3 4 4 4 4 6 3 7 3 6 4 7 4 
Chip#1
114 119 112 112 111 113 103 110 106 112 112 110 0
113 118 117 112 116 115 106 115 106 115 112 118 1
116 125 196 184 119 162 186 115 158 197 116 117 2
116 136 1079 1073 138 791 1050 143 856 1110 153 115 3
113 126 664 725 130 524 682 129 599 762 128 114 4
114 126 166 164 127 189 214 128 192 215 114 122 5
115 134 749 828 142 895 1136 148 782 1053 149 121 6
116 123 646 716 158 571 737 133 483 678 133 117 7
111 125 132 134 127 151 183 118 146 187 112 115 8
116 125 123 117 126 695 991 157 653 967 160 121 9
116 127 123 121 127 531 772 151 497 751 156 123 10
115 125 121 113 120 129 137 117 128 140 117 15000 11
Chip#2
101 113 112 108 109 110 100 105 112 113 122 123 0
111 124 118 112 115 117 102 108 116 117 121 134 1
106 109 112 111 114 109 98 111 113 110 113 122 2
109 118 118 115 282 386 110 233 318 122 112 119 3
112 120 122 117 420 588 126 409 553 143 112 113 4
112 130 135 119 159 167 107 158 184 119 118 119 5
108 367 428 120 282 365 105 232 275 117 113 111 6
112 422 503 125 510 678 122 417 554 132 112 118 7
117 147 153 121 156 189 112 164 193 125 123 126 8
111 402 487 124 333 367 112 330 359 119 113 116 9
121 547 605 126 526 572 113 530 605 122 116 108 10
121 150 153 119 150 161 110 154 170 122 118 15000 11
Chip#3
119 103 117 105 113 107 113 117 107 111 110 123 0
116 110 127 117 114 118 120 124 120 121 115 126 1
105 107 144 139 118 135 142 116 129 138 112 125 2
105 94 127 120 103 118 117 106 109 123 104 115 3
109 101 122 113 110 114 116 118 109 114 108 119 4
109 105 142 132 110 136 142 120 128 138 117 125 5
117 108 138 127 110 132 131 117 125 137 117 130 6
106 105 122 111 115 115 119 116 106 107 109 121 7
116 115 153 143 119 140 142 121 111 115 115 125 8
121 115 151 136 119 134 142 120 110 111 108 122 9
113 107 115 106 114 108 112 116 103 109 110 118 10
143 122 135 120 133 124 142 129 128 121 123 15000 11
Chip#4
99 104 106 108 117 110 104 110 111 115 103 109 0
99 106 104 109 115 106 103 105 113 109 100 111 1
99 99 100 109 115 105 100 102 107 108 104 108 2
99 105 102 119 120 111 111 111 113 139 113 112 3
99 99 100 116 119 114 110 113 110 139 112 112 4
99 105 104 108 113 113 103 105 107 110 102 112 5
99 104 102 121 116 112 111 111 109 117 114 117 6
99 96 99 109 117 107 102 104 107 109 103 104 7
99 105 104 109 115 110 103 111 111 113 103 114 8
99 107 102 109 113 110 107 114 107 139 109 109 9
103 113 108 116 120 119 116 121 117 139 113 115 10
113 120 113 118 127 118 114 116 125 121 112 15000 11
Chip#1
118 118 112 105 112 108 102 107 105 114 110 114 0
119 119 117 110 115 110 107 114 110 122 113 113 1
118 121 197 184 119 159 194 117 158 199 117 117 2
121 134 1095 1086 139 831 1101 153 863 1125 154 119 3
121 131 680 745 131 548 729 136 611 782 136 122 4
111 117 157 163 116 182 217 122 180 216 114 115 5
109 129 760 846 135 920 1167 148 812 1115 145 113 6
110 123 662 732 130 586 752 125 501 713 129 110 7
110 114 134 130 111 151 170 115 142 179 110 106 8
114 122 115 116 123 666 959 151 669 983 160 118 9
113 117 114 108 115 512 742 143 507 774 141 111 10
123 121 115 117 116 127 129 117 128 138 118 15000 11
Chip#2
111 114 117 111 108 110 100 116 112 118 124 129 0
104 115 111 111 108 112 100 110 110 109 116 135 1
109 114 112 115 118 114 95 112 113 111 112 121 2
125 128 135 130 292 392 124 250 342 134 127 133 3
111 119 118 121 415 577 126 420 583 142 117 119 4
111 123 128 115 154 162 104 151 180 115 113 117 5
112 384 444 129 301 382 115 239 299 118 119 123 6
111 438 503 124 528 699 120 440 588 132 114 115 7
104 137 141 110 151 183 102 157 184 113 108 110 8
119 422 503 134 357 388 115 338 364 123 117 126 9
119 563 622 134 560 615 115 543 614 122 122 121 10
117 154 150 121 151 162 109 162 173 122 119 15000 11
Chip#3
118 112 116 109 113 103 113 117 102 110 112 122 0
108 100 118 114 110 104 112 114 110 110 112 121 1
116 108 148 137 114 138 158 122 128 145 122 121 2
106 100 129 126 103 115 124 108 111 119 103 113 3
111 104 118 115 113 107 113 117 109 109 113 123 4
111 111 144 136 114 137 142 118 128 137 117 122 5
112 111 131 124 118 125 129 118 128 135 117 127 6
95 93 103 101 102 101 101 104 91 97 97 107 7
114 107 145 141 117 137 134 114 102 106 108 118 8
122 108 151 141 115 132 142 122 107 114 114 121 9
114 101 115 115 110 105 108 112 109 109 108 114 10
143 121 129 123 130 121 124 129 121 122 120 15000 11
Chip#4
113 99 113 102 107 103 99 101 98 104 93 102 0
99 109 102 111 119 110 103 113 110 109 102 119 1
99 105 99 108 117 107 100 108 106 108 103 109 2
99 105 100 116 120 114 114 117 111 118 107 108 3
99 106 103 121 120 114 108 118 109 118 110 108 4
99 103 99 105 112 106 100 107 105 110 102 109 5
98 96 98 111 113 102 104 113 105 114 112 107 6
106 103 99 112 113 102 102 107 105 110 102 104 7
99 109 100 109 116 110 107 114 109 139 107 114 8
101 116 110 119 125 118 142 130 120 139 116 123 9
99 105 99 105 112 105 108 114 106 113 107 108 10
109 113 112 118 127 119 110 121 120 122 109 15000 11
Chip#1
113 115 113 112 112 112 107 107 113 114 109 113 0
121 127 122 117 120 119 114 118 120 123 117 121 1
120 121 194 180 118 166 185 114 156 196 114 119 2
111 130 1035 1026 128 788 1051 142 811 1038 142 114 3
115 131 644 716 128 528 694 128 570 724 129 115 4
113 126 160 161 119 181 212 119 178 216 118 117 5
110 125 716 802 130 863 1095 139 800 1103 149 109 6
107 121 624 682 124 549 699 125 495 701 125 109 7
110 122 134 134 119 148 171 114 149 186 106 114 8
119 126 122 120 122 631 904 151 644 945 161 122 9
115 125 119 112 118 491 705 143 491 738 145 117 10
120 123 118 109 122 124 132 117 129 140 114 15000 11
Chip#2
108 115 117 115 118 114 104 112 113 115 122 132 0
108 114 115 107 112 112 105 108 115 114 123 133 1
108 120 126 115 119 122 110 118 126 117 121 133 2
108 115 120 114 268 359 114 233 324 126 112 122 3
119 130 127 128 402 558 133 415 570 150 123 127 4
112 125 128 116 136 165 107 146 183 117 113 117 5
99 363 427 121 280 360 109 233 296 119 108 117 6
109 422 487 120 502 661 115 438 583 125 107 108 7
104 130 140 110 146 177 102 150 187 107 106 112 8
115 407 469 129 336 369 110 314 344 115 116 118 9
117 529 592 130 531 591 109 504 574 122 109 115 10
119 155 151 121 150 158 112 154 171 115 117 15000 11
Chip#3
103 93 111 106 106 95 104 105 92 103 105 117 0
102 92 109 106 100 100 105 105 99 106 104 113 1
121 108 147 140 117 138 142 121 126 143 115 129 2
109 111 130 127 113 121 128 116 109 130 115 125 3
108 100 108 105 97 97 100 101 102 99 100 113 4
113 110 140 137 117 132 134 120 126 138 113 122 5
118 108 134 127 118 122 131 120 126 135 113 125 6
112 104 118 113 118 108 116 117 101 110 113 122 7
112 110 143 135 114 129 132 114 105 107 112 123 8
113 107 142 136 117 129 128 114 99 111 112 118 9
129 116 127 122 126 120 119 124 117 121 123 132 10
145 127 130 123 132 118 121 124 124 123 128 15000 11
Chip#4
99 99 112 100 109 101 94 99 99 105 93 104 0
99 90 99 94 103 101 95 98 98 97 93 101 1
99 105 106 114 120 110 103 108 113 115 103 114 2
99 102 103 118 125 110 110 116 105 119 112 107 3
99 100 99 111 116 106 100 114 105 114 102 105 4
99 102 99 106 109 101 103 107 102 110 94 108 5
99 97 99 115 116 105 111 113 103 111 109 111 6
99 105 99 112 117 107 104 110 105 113 106 109 7
99 102 104 111 116 112 106 108 109 113 100 109 8
99 97 104 106 110 103 106 110 101 108 96 101 9
99 105 104 112 117 111 115 117 113 117 107 114 10
112 115 115 121 127 119 115 117 120 121 104 15000 11
Chip#1
123 121 121 116 120 116 113 117 114 118 116 115 0
124 126 125 118 122 123 111 118 120 123 116 119 1
120 121 180 177 118 154 179 113 156 196 112 115 2
115 127 980 1004 126 733 997 138 788 1027 144 111 3
115 121 603 668 122 495 650 124 563 717 126 111 4
120 122 151 156 119 174 205 121 176 215 115 113 5
106 118 684 757 123 832 1052 138 777 1080 148 106 6
120 127 604 655 134 540 693 132 488 704 138 117 7
115 118 131 133 123 151 171 117 146 189 116 114 8
116 119 121 118 120 627 896 153 615 896 161 121 9
114 123 119 113 122 492 702 150 464 727 142 119 10
118 116 110 106 111 123 128 113 118 132 114 15000 11
Chip#2
119 127 131 125 121 125 114 118 125 119 135 138 0
109 118 112 112 110 109 100 108 116 118 117 134 1
105 114 117 114 119 115 107 111 117 114 111 126 2
111 118 120 112 267 359 112 231 305 118 111 122 3
109 123 128 120 425 549 126 386 527 139 112 116 4
117 130 140 128 146 166 114 159 184 128 119 124 5
116 353 413 128 277 356 115 241 304 126 118 121 6
116 406 487 129 494 651 126 443 589 134 117 121 7
112 147 144 116 153 177 105 157 193 118 112 122 8
119 386 450 124 319 354 113 323 341 125 117 123 9
121 505 570 131 502 557 118 504 581 126 119 118 10
120 157 151 121 146 152 108 155 169 123 117 15000 11
Chip#3
118 104 112 111 113 110 111 118 103 113 112 129 0
109 105 120 119 111 107 116 117 111 115 114 126 1
116 115 148 139 114 136 134 121 132 138 119 131 2
109 104 131 126 110 118 125 112 118 133 112 122 3
106 94 112 105 104 107 108 109 101 101 102 114 4
109 111 143 134 108 125 142 114 122 135 109 117 5
113 99 131 124 113 122 125 118 121 131 114 119 6
114 105 118 113 110 108 115 112 106 109 107 118 7
108 107 142 137 111 128 142 110 102 111 110 125 8
114 112 144 139 115 128 132 117 107 110 110 121 9
112 105 113 109 104 95 111 106 103 105 105 113 10
131 118 122 109 124 110 115 118 115 117 108 15000 11
Chip#4
99 102 99 100 109 99 104 107 106 108 97 112 0
99 107 110 112 117 109 112 113 113 114 107 116 1
99 97 99 102 113 98 98 99 102 108 97 107 2
99 99 99 112 113 105 110 108 106 115 104 102 3
99 99 99 109 117 101 108 114 109 117 104 109 4
99 109 106 109 113 107 106 107 105 110 100 109 5
99 105 102 116 119 109 110 113 107 115 109 109 6
99 100 100 109 113 105 106 108 102 109 102 107 7
99 110 102 112 119 106 111 117 111 113 102 115 8
99 102 103 111 119 109 114 120 109 114 107 115 9
99 106 104 108 113 102 108 117 107 111 104 109 10
108 115 108 106 120 111 111 107 117 117 109 15000 11
Chip#1
119 123 119 108 119 112 110 114 114 120 117 121 0
125 125 123 113 119 120 111 121 118 124 120 126 1
119 121 187 173 119 152 178 113 156 193 114 113 2
120 139 987 983 135 742 1003 150 802 1032 149 119 3
119 123 608 671 127 493 661 131 567 719 130 117 4
116 122 163 156 120 174 202 114 176 215 114 118 5
116 131 720 771 158 843 1070 147 794 1104 161 122 6
120 134 613 661 135 539 700 138 496 710 134 127 7
115 116 134 132 120 148 173 118 149 178 112 115 8
110 114 115 110 119 621 889 144 596 875 145 114 9
118 130 119 112 123 487 700 147 463 706 149 121 10
118 126 122 106 112 123 126 118 124 138 116 15000 11
Chip#2
116 124 125 120 123 115 110 115 120 122 127 129 0
108 118 117 112 115 112 105 111 117 115 122 130 1
107 120 120 115 119 117 100 116 119 117 118 123 2
106 115 117 110 267 363 110 231 302 117 108 111 3
112 127 118 121 402 545 122 382 520 140 113 118 4
107 127 125 115 140 158 107 148 178 118 112 111 5
107 346 400 114 274 353 109 233 290 111 106 111 6
112 410 471 121 491 649 119 444 586 138 111 112 7
119 152 151 124 163 188 112 170 202 128 118 121 8
113 388 453 129 319 354 113 318 342 118 114 117 9
121 505 565 128 502 562 117 503 576 125 114 119 10
127 150 153 123 146 157 114 158 169 121 119 15000 11
Chip#3
111 104 115 109 117 105 112 113 109 115 110 122 0
109 105 117 109 106 100 108 110 106 117 109 121 1
118 111 147 141 114 135 142 117 132 145 115 123 2
114 108 135 130 114 120 127 120 124 133 110 123 3
109 97 115 111 106 101 107 108 103 105 102 117 4
107 104 137 127 110 125 128 105 121 130 105 115 5
113 104 130 123 113 120 125 114 121 133 107 119 6
109 101 118 113 114 110 116 117 106 110 112 119 7
111 107 144 141 115 129 134 114 103 107 108 121 8
122 115 151 141 121 138 142 120 111 115 119 127 9
128 127 129 126 126 120 121 125 118 123 118 132 10
137 122 124 120 126 117 119 124 121 121 117 15000 11
Chip#4
99 103 99 105 110 105 103 107 105 102 96 107 0
99 102 99 103 110 102 104 101 107 104 100 108 1
99 106 99 109 113 105 104 107 105 108 99 111 2
99 100 99 116 119 106 107 113 103 117 106 109 3
99 97 99 108 113 102 104 108 103 111 104 108 4
99 103 100 102 109 102 102 105 109 104 102 111 5
99 103 102 115 119 103 111 116 105 115 107 107 6
99 106 103 114 123 111 107 114 111 115 112 117 7
99 99 100 102 107 107 103 107 106 108 100 108 8
99 99 100 106 109 103 102 111 102 106 97 102 9
99 102 99 108 110 105 108 113 110 108 102 108 10
108 119 113 121 127 120 112 117 117 139 106 15000 11
Chip#1
120 126 118 112 122 116 114 115 110 122 114 118 0
119 126 117 114 119 113 104 114 116 118 117 121 1
120 127 187 180 120 155 186 118 154 194 116 121 2
118 138 987 983 138 746 1006 146 793 1037 153 119 3
120 132 613 671 130 497 662 131 562 726 130 114 4
123 130 163 164 124 185 210 124 180 216 125 123 5
116 130 720 772 138 844 1070 148 797 1103 158 121 6
123 131 618 673 158 544 708 140 501 716 142 129 7
114 118 132 134 122 148 171 119 144 178 112 115 8
113 119 114 109 116 626 899 146 601 880 156 115 9
119 126 119 113 127 493 708 151 469 708 148 122 10
121 127 119 113 122 125 134 121 126 143 118 15000 11
Chip#2
116 119 123 119 117 118 107 114 121 118 132 129 0
108 115 123 112 113 112 105 108 117 114 121 134 1
107 117 112 111 114 113 102 110 119 113 114 119 2
117 128 126 121 275 379 115 224 313 135 124 124 3
96 107 110 105 398 536 118 375 517 131 106 106 4
113 128 133 115 153 165 112 151 188 122 119 117 5
116 355 411 120 281 359 115 237 304 119 118 117 6
113 410 471 125 488 652 122 447 593 136 117 116 7
103 135 142 111 153 175 103 149 189 105 108 107 8
111 383 450 125 318 351 110 311 344 114 111 115 9
119 508 570 129 500 563 118 504 586 125 112 116 10
117 157 150 115 146 159 110 158 175 121 121 15000 11
Chip#3
107 96 108 101 104 97 103 109 103 103 108 115 0
113 103 118 114 114 111 111 114 107 115 110 122 1
124 111 151 145 122 145 142 125 136 147 123 129 2
107 104 129 122 107 118 116 108 111 129 107 115 3
118 103 122 114 114 111 109 117 111 114 113 119 4
119 110 142 135 118 134 142 117 126 139 115 123 5
105 99 120 113 99 107 115 104 110 121 97 111 6
106 94 108 105 109 100 100 105 98 99 102 113 7
118 114 149 141 121 136 142 120 111 119 115 127 8
123 114 145 141 120 140 129 121 114 117 114 123 9
121 110 121 114 114 110 115 116 110 113 110 119 10
145 125 134 128 132 128 123 133 129 127 122 15000 11
Chip#4
107 105 113 102 103 105 104 104 110 106 97 102 0
107 99 99 105 106 99 99 105 106 105 94 107 1
99 102 99 105 110 105 102 104 107 111 103 112 2
99 99 99 114 115 106 110 113 103 115 104 105 3
99 113 110 124 123 115 118 123 113 139 116 121 4
99 110 106 115 119 113 106 114 118 113 106 114 5
99 94 106 111 115 97 104 113 103 106 104 104 6
99 104 102 121 119 106 108 113 107 114 104 112 7
99 109 102 111 116 111 104 114 110 115 107 114 8
99 99 102 112 112 103 112 113 110 113 103 108 9
99 109 104 114 113 110 115 116 111 119 113 115 10
105 117 108 119 126 114 112 118 120 139 109 15000 11
Chip#1
123 125 122 112 119 119 113 115 116 118 113 121 0
124 126 125 120 123 123 118 122 117 123 121 118 1
116 125 191 175 118 160 185 117 150 196 113 117 2
118 138 983 985 131 734 1007 146 800 1040 149 121 3
111 123 606 671 123 492 659 125 567 727 128 111 4
114 115 154 152 115 173 204 113 169 215 110 113 5
113 127 720 768 135 839 1068 144 798 1108 156 117 6
109 123 604 654 130 533 690 127 495 707 129 114 7
105 113 121 122 113 144 160 113 140 179 104 107 8
122 118 122 114 126 629 913 153 606 887 156 119 9
114 119 115 106 119 483 711 143 465 702 146 115 10
119 123 125 117 122 128 138 118 128 146 120 15000 11
Chip#2
117 117 121 116 123 122 112 119 122 121 128 134 0
108 113 112 111 115 109 104 108 115 111 113 126 1
108 122 120 111 116 118 100 112 117 114 113 129 2
106 115 118 111 265 362 109 229 305 113 105 115 3
112 123 118 117 402 556 124 390 526 140 111 117 4
116 127 132 123 146 166 114 155 180 121 116 121 5
115 355 419 130 280 357 112 236 304 132 112 118 6
113 406 471 130 495 654 128 458 605 143 119 123 7
115 147 151 120 155 189 110 166 199 121 112 117 8
112 381 447 121 317 351 110 316 351 119 111 115 9
127 512 572 138 505 571 126 518 586 134 122 123 10
125 155 155 119 146 154 112 158 178 126 119 15000 11
Chip#3
128 115 118 119 121 114 120 124 118 120 118 131 0
111 101 116 111 111 107 116 109 110 115 112 125 1
106 99 133 130 111 129 131 108 115 130 110 118 2
113 103 131 126 113 122 123 114 117 121 110 115 3
117 111 125 115 115 115 121 124 113 115 112 125 4
105 99 131 122 109 124 125 106 115 127 108 117 5
107 99 126 117 103 111 121 112 111 126 105 114 6
112 99 116 111 110 111 112 112 105 109 105 118 7
119 114 149 144 128 136 134 120 109 114 120 130 8
116 103 139 134 117 132 129 117 110 109 109 117 9
133 125 137 126 133 124 129 129 120 127 125 130 10
147 129 133 127 130 124 123 132 122 127 119 15000 11
Chip#4
99 105 100 108 117 113 107 111 114 110 106 111 0
99 102 100 103 112 106 103 111 109 109 97 112 1
99 106 104 108 116 109 103 107 107 113 107 108 2
99 99 100 112 117 106 104 111 106 111 104 105 3
99 97 99 109 115 103 100 105 103 110 100 104 4
99 102 106 115 122 110 104 111 110 112 103 111 5
99 102 100 121 122 103 107 111 109 114 109 109 6
99 107 103 116 125 112 106 110 113 118 109 108 7
99 100 103 108 113 109 103 107 107 108 97 108 8
99 102 106 112 119 109 116 120 110 118 109 108 9
99 107 106 112 120 113 114 120 111 113 112 109 10
106 113 111 111 125 115 110 114 117 139 104 15000 11
Chip#1
111 115 112 108 112 115 102 111 109 114 120 110 0
114 113 117 110 109 109 110 113 112 116 110 117 1
115 122 185 170 112 148 182 108 149 191 112 113 2
121 136 983 983 134 753 1013 150 809 1056 152 118 3
124 131 604 674 134 505 673 133 575 736 136 118 4
116 119 157 157 118 177 205 119 178 215 120 117 5
113 129 701 771 130 836 1064 147 799 1115 157 115 6
115 123 607 663 128 533 689 133 497 706 133 113 7
113 121 130 134 119 146 173 114 144 179 115 114 8
118 122 117 113 118 637 913 151 610 886 156 111 9
116 125 118 110 122 495 718 151 472 716 150 115 10
127 127 122 114 120 135 137 122 133 140 121 15000 11
Chip#2
107 115 116 110 114 109 105 108 110 117 118 129 0
112 113 121 112 114 113 108 110 119 115 121 134 1
113 122 123 124 124 123 108 119 126 123 125 130 2
104 120 117 109 271 369 110 232 306 118 108 117 3
117 120 120 120 406 557 125 391 532 146 119 118 4
113 124 128 121 146 163 112 150 189 118 114 118 5
103 342 402 116 267 347 103 233 299 113 104 112 6
119 406 487 132 496 652 130 450 599 142 114 126 7
116 148 150 120 160 188 113 164 205 128 121 126 8
116 387 449 117 323 357 115 321 353 121 109 115 9
104 490 555 115 494 551 107 499 576 113 106 107 10
124 157 150 120 150 157 109 155 169 122 116 15000 11
Chip#3
111 97 111 103 106 97 105 110 105 105 105 117 0
108 101 113 111 100 104 108 113 106 109 104 118 1
108 104 142 131 108 129 128 120 124 131 110 119 2
112 101 127 123 110 124 119 112 114 123 110 119 3
119 112 121 117 117 111 117 118 107 121 115 127 4
119 112 147 137 121 138 134 122 130 138 119 129 5
118 110 135 123 114 127 142 120 128 134 112 127 6
112 100 115 107 110 104 107 110 103 109 113 122 7
109 105 139 132 111 127 129 109 106 103 104 115 8
113 108 140 131 111 128 128 113 107 109 108 117 9
119 108 115 113 111 104 108 110 105 107 107 115 10
149 133 135 128 137 125 125 128 130 127 127 15000 11
Chip#4
99 102 102 108 116 111 103 110 105 114 104 115 0
99 102 102 109 115 107 102 110 106 111 103 112 1
99 106 102 112 122 110 106 113 110 114 107 115 2
99 102 102 112 117 111 110 114 109 117 109 111 3
99 105 99 108 122 107 107 116 109 117 110 107 4
99 106 102 111 117 109 106 113 110 114 104 109 5
99 97 99 105 115 102 103 108 98 108 104 102 6
99 100 99 111 113 110 103 108 103 106 104 105 7
99 110 103 111 119 115 108 111 117 113 107 115 8
99 112 108 119 116 113 118 120 113 119 116 115 9
99 104 103 114 122 114 116 118 111 115 106 109 10
108 112 111 111 125 118 112 114 121 139 104 15000 11
Chip#1
119 122 118 110 118 113 114 115 116 115 118 119 0
115 116 117 105 116 112 106 110 109 111 108 113 1
121 126 191 180 120 158 187 115 157 200 118 118 2
114 135 974 982 127 758 1025 150 812 1067 149 111 3
111 130 602 669 122 508 677 131 576 737 130 114 4
113 123 160 161 118 178 206 121 180 216 121 115 5
111 130 713 790 138 837 1065 150 817 1127 160 118 6
115 129 617 674 138 536 695 129 507 726 133 113 7
111 127 135 136 118 154 177 123 152 186 118 117 8
114 118 113 112 116 642 926 150 616 905 158 115 9
109 122 114 108 115 497 729 143 473 721 145 113 10
119 123 121 110 116 129 132 118 126 134 117 15000 11
Chip#2
111 117 118 114 119 114 108 112 116 118 127 128 0
117 123 120 123 119 119 110 120 125 127 127 140 1
109 117 113 111 113 114 104 110 120 110 109 127 2
120 127 127 128 280 386 127 224 322 132 121 127 3
111 114 113 112 402 569 120 389 534 140 107 116 4
112 130 131 121 146 163 115 150 183 117 113 113 5
119 358 421 131 278 360 117 241 316 123 118 118 6
120 422 487 134 499 655 126 460 619 134 116 119 7
116 144 147 123 150 188 113 167 201 118 112 121 8
108 377 441 116 317 356 107 317 348 109 105 112 9
113 500 561 128 508 572 114 519 599 118 108 117 10
116 152 145 117 146 159 110 158 175 121 116 15000 11
Chip#3
118 99 116 106 106 102 109 113 107 106 113 122 0
105 94 107 102 97 97 101 108 101 107 103 115 1
111 104 136 131 113 129 132 112 121 134 113 117 2
117 108 135 135 117 127 142 125 117 129 117 122 3
118 105 121 114 113 111 115 117 110 118 109 119 4
108 103 136 126 111 125 128 109 120 130 109 117 5
117 105 130 123 113 117 125 122 120 131 112 121 6
109 99 113 105 110 104 108 109 99 106 105 117 7
106 93 138 124 106 124 123 106 95 103 100 113 8
122 110 145 139 114 134 127 118 110 114 114 121 9
116 108 115 109 114 105 108 114 106 111 108 118 10
138 123 129 122 130 120 121 124 120 126 115 15000 11
Chip#4
99 100 99 108 116 105 103 105 105 105 100 109 0
99 100 102 102 112 107 99 98 97 108 92 109 1
99 100 99 102 112 105 100 102 105 109 96 108 2
99 107 104 119 122 110 112 117 105 139 110 108 3
99 91 99 103 112 103 103 107 98 111 102 102 4
99 99 99 99 110 107 102 101 103 108 97 109 5
99 97 99 114 119 101 110 108 107 114 103 108 6
99 100 99 116 116 102 104 107 103 114 103 107 7
99 106 100 108 116 109 106 110 105 111 97 111 8
99 106 103 112 120 111 115 118 109 119 107 114 9
99 103 102 106 116 106 115 111 105 117 104 112 10
101 112 104 108 122 112 111 108 114 114 106 15000 11
Chip#1
121 129 127 114 122 112 110 119 117 120 116 122 0
114 118 113 105 108 109 106 111 108 114 102 115 1
123 127 194 180 120 158 187 118 164 201 118 123 2
111 128 977 1004 126 772 1047 147 836 1096 149 118 3
114 131 609 678 128 517 706 135 600 763 133 121 4
114 122 161 158 120 178 209 121 176 216 116 115 5
118 129 724 809 139 844 1077 153 841 1174 164 121 6
116 129 629 686 134 534 700 135 519 738 136 118 7
118 123 138 137 122 156 179 119 154 189 114 119 8
119 129 125 117 126 674 971 162 635 934 165 126 9
116 115 118 108 118 516 753 144 482 730 146 115 10
119 125 121 109 120 132 134 121 129 136 120 15000 11
Chip#2
117 128 127 123 123 126 113 120 122 127 133 140 0
112 115 115 112 115 116 107 114 113 117 122 138 1
116 128 123 120 127 125 113 120 126 125 119 135 2
108 113 117 110 281 391 112 233 319 117 109 117 3
113 122 122 121 428 597 130 405 553 140 114 121 4
113 124 128 117 146 166 105 151 187 121 114 115 5
113 365 432 124 274 356 110 246 317 117 113 118 6
120 422 503 129 495 654 126 480 635 138 113 118 7
117 144 152 125 156 188 117 168 201 122 116 124 8
119 387 455 128 332 378 110 331 367 115 114 121 9
123 505 567 131 529 595 120 536 623 126 118 115 10
124 155 152 121 146 162 110 155 176 122 118 15000 11
Chip#3
111 99 115 109 110 102 109 116 107 102 112 123 0
102 96 113 106 100 101 105 110 101 106 104 117 1
107 100 135 126 110 128 129 109 121 130 108 114 2
111 97 127 122 103 115 116 110 113 125 104 114 3
112 100 115 110 103 102 108 112 103 106 109 111 4
108 108 136 130 114 131 142 113 121 134 113 122 5
112 100 127 123 114 120 124 113 121 125 112 115 6
105 96 112 109 113 107 109 113 110 106 104 111 7
105 99 138 128 108 127 125 112 105 101 104 115 8
111 105 143 130 115 131 133 114 107 114 113 115 9
114 107 117 114 108 104 115 112 107 107 110 122 10
141 121 126 117 130 118 121 121 121 120 118 15000 11
Chip#4
101 96 104 100 110 101 98 102 106 101 93 107 0
99 102 99 103 107 102 98 101 106 105 96 108 1
99 104 99 105 115 114 108 114 111 113 100 114 2
99 100 99 116 123 107 110 111 102 117 106 108 3
99 93 99 106 112 103 102 105 103 110 97 107 4
99 100 99 103 112 103 95 102 102 104 96 102 5
99 99 103 109 120 103 108 113 106 111 109 111 6
99 106 99 109 119 110 110 105 109 109 106 111 7
99 100 99 103 107 105 102 104 109 102 96 107 8
99 112 106 111 119 112 112 118 111 118 113 111 9
99 106 102 109 116 109 112 113 110 111 106 112 10
106 112 108 113 123 119 142 114 114 115 106 15000 11
Chip#1
121 131 123 114 124 116 118 119 114 123 120 123 0
115 119 114 109 115 116 109 110 117 114 112 115 1
113 113 182 171 115 156 190 108 160 197 113 111 2
115 132 976 982 132 819 1105 150 882 1157 157 118 3
115 125 603 674 126 540 731 131 619 797 134 117 4
120 126 169 162 126 183 213 122 192 229 122 122 5
120 134 751 835 136 839 1074 146 887 1239 166 122 6
116 125 649 732 134 530 691 124 540 779 136 115 7
111 123 136 141 120 154 182 119 150 191 120 122 8
116 125 123 117 122 704 1026 157 657 978 161 119 9
115 126 121 113 123 541 796 151 502 765 152 119 10
121 123 122 114 119 129 140 114 129 140 122 15000 11
Chip#2
105 108 112 108 112 112 102 105 108 114 122 129 0
108 115 116 110 112 113 103 110 113 110 119 132 1
115 122 126 123 123 126 109 125 129 123 121 135 2
100 105 107 106 288 403 108 233 324 114 103 113 3
120 128 122 124 457 638 133 426 588 151 123 122 4
109 119 122 110 141 161 108 146 183 113 106 113 5
117 383 447 128 278 360 114 256 335 127 118 119 6
115 447 519 129 488 656 120 490 671 135 118 116 7
117 147 150 117 151 185 115 171 207 119 107 119 8
124 396 459 134 357 405 123 357 390 131 124 122 9
113 498 560 121 547 619 112 558 647 118 108 113 10
121 150 150 123 151 161 112 164 180 121 116 15000 11
Chip#3
118 101 115 111 115 107 112 116 105 111 110 126 0
116 108 121 120 115 114 116 118 111 118 113 126 1
116 110 134 134 113 129 134 117 126 133 112 123 2
124 119 144 131 126 132 133 122 129 138 120 132 3
122 108 122 123 121 115 115 124 115 120 118 127 4
112 101 137 128 108 127 129 110 129 131 109 114 5
118 110 139 131 118 127 125 120 122 139 114 126 6
113 105 125 119 118 118 117 120 110 120 112 123 7
111 112 145 141 117 136 134 117 103 109 114 125 8
111 104 144 127 114 128 125 117 103 109 107 122 9
125 111 124 117 114 112 115 120 113 114 113 126 10
138 115 126 122 128 118 120 122 120 122 119 15000 11
Chip#4
99 100 99 105 115 107 100 108 99 108 102 107 0
99 97 102 108 115 107 100 108 102 110 102 112 1
99 97 98 102 113 106 103 104 103 108 100 111 2
99 100 104 121 126 113 115 123 106 118 110 112 3
99 96 99 108 120 109 104 113 103 110 102 105 4
99 100 104 109 112 114 104 113 106 109 100 111 5
99 102 102 116 122 111 110 121 109 117 110 112 6
99 102 99 115 120 110 107 110 106 110 107 111 7
99 105 104 109 119 112 104 111 107 110 103 114 8
99 105 102 115 119 114 114 120 109 114 112 114 9
99 102 99 106 112 106 108 114 99 113 104 105 10
110 119 111 121 130 123 115 118 118 118 112 15000 11
Chip#1
115 123 114 112 115 113 107 114 112 116 114 118 0
116 123 115 110 114 119 114 118 116 123 114 119 1
119 126 192 181 122 174 202 123 173 215 122 122 2
120 143 981 986 139 892 1211 157 992 1272 160 119 3
116 132 608 673 136 583 796 132 682 878 145 117 4
111 123 160 160 118 182 213 117 184 237 117 115 5
119 131 804 900 158 843 1079 154 966 1349 165 121 6
113 129 703 760 135 530 695 132 585 846 130 115 7
120 129 140 146 131 164 194 125 162 203 120 119 8
105 113 110 102 111 757 1105 154 704 1022 160 106 9
114 126 112 108 112 584 864 151 542 829 149 113 10
120 129 126 118 126 136 142 122 134 146 120 15000 11
Chip#2
107 117 117 111 112 113 102 107 113 117 122 133 0
100 108 108 103 106 105 95 104 107 108 116 133 1
109 114 118 111 114 117 100 114 116 114 108 122 2
119 128 123 119 324 457 123 256 367 134 116 119 3
111 122 122 116 492 695 131 463 644 144 114 116 4
103 120 123 106 146 167 103 155 189 111 107 110 5
108 407 487 121 275 352 110 268 359 119 112 119 6
116 466 550 126 494 654 131 539 740 144 117 119 7
111 145 150 121 155 181 113 179 216 125 113 115 8
107 378 443 116 370 415 109 372 409 109 107 110 9
124 516 576 135 615 691 126 627 734 136 121 122 10
115 154 146 119 151 161 104 166 183 119 112 15000 11
Chip#3
112 100 115 107 110 102 107 114 101 107 109 121 0
111 96 113 113 113 105 111 114 113 115 110 125 1
109 103 140 135 117 132 131 112 121 135 113 121 2
121 105 138 135 118 125 132 118 122 130 119 130 3
102 96 111 109 102 101 107 106 95 101 100 110 4
106 97 139 123 111 122 132 110 118 130 112 119 5
112 100 131 119 111 117 119 117 120 130 109 115 6
111 103 120 111 118 105 113 114 103 110 108 121 7
118 108 144 139 114 129 134 117 106 113 110 123 8
118 107 145 135 125 131 131 117 109 111 112 119 9
121 105 118 118 122 104 113 117 109 109 113 122 10
137 114 122 118 124 114 112 121 117 118 114 15000 11
Chip#4
99 99 99 103 109 99 99 102 99 102 92 100 0
99 99 99 103 112 106 103 107 105 105 100 109 1
99 100 99 102 115 102 100 105 102 108 93 107 2
99 97 99 111 123 106 107 113 107 117 107 108 3
99 99 99 105 115 105 104 107 103 111 103 107 4
99 104 100 109 113 110 104 107 105 114 104 111 5
99 97 99 114 119 105 106 117 107 118 104 109 6
99 100 99 112 120 110 106 110 106 114 104 111 7
99 105 99 105 116 106 102 113 107 110 103 108 8
99 102 103 106 113 109 142 114 106 139 103 102 9
99 105 103 111 117 109 111 118 107 114 107 112 10
105 109 104 109 122 116 142 111 114 139 106 15000 11
Chip#1
116 125 121 109 118 115 118 121 113 119 122 121 0
116 119 118 112 115 117 117 117 116 118 117 117 1
118 121 185 176 118 177 217 118 173 217 117 115 2
118 136 977 986 138 1014 1394 168 1114 1528 174 121 3
115 127 607 673 128 659 910 146 769 985 141 114 4
111 123 166 165 120 186 213 123 259 258 118 114 5
116 127 898 988 143 842 1079 150 1105 1557 186 117 6
110 125 766 849 132 530 693 132 662 966 140 113 7
111 119 136 142 123 164 197 118 161 209 117 114 8
114 119 117 114 122 876 1298 170 799 1182 176 115 9
120 126 122 114 122 676 1002 164 618 951 166 126 10
120 131 123 114 122 135 145 121 126 146 118 15000 11
Chip#2
115 125 121 120 118 119 108 120 119 126 132 139 0
113 119 113 111 117 113 103 115 120 117 121 141 1
115 127 125 116 123 123 109 121 124 119 121 133 2
107 114 115 115 357 520 113 274 402 123 106 117 3
111 125 121 117 576 817 137 526 758 152 116 118 4
104 119 123 106 146 174 99 161 199 113 103 109 5
108 447 531 125 270 357 109 301 408 117 109 115 6
112 522 632 126 489 654 122 621 853 142 111 118 7
112 145 148 114 155 186 108 183 214 117 112 113 8
113 384 456 124 417 484 110 433 470 119 109 111 9
123 512 574 133 695 796 124 735 855 130 118 119 10
123 157 153 121 165 180 112 180 202 119 121 15000 11
Chip#3
113 104 115 114 113 108 108 116 107 107 114 126 0
111 101 116 111 111 107 113 114 110 117 113 126 1
113 107 139 131 117 131 134 116 125 134 117 122 2
109 101 129 119 110 120 116 110 113 125 113 115 3
108 96 109 111 110 105 111 108 106 107 105 115 4
102 96 130 119 110 124 125 106 120 125 103 113 5
113 100 131 126 118 117 123 113 122 133 112 123 6
112 101 126 116 121 115 120 118 111 111 117 123 7
121 111 148 139 118 138 142 121 111 118 113 126 8
118 105 136 131 114 131 142 114 107 106 109 119 9
122 110 120 109 113 111 117 118 114 114 115 127 10
144 126 130 127 135 124 123 132 124 127 125 15000 11
Chip#4
99 106 104 111 116 111 108 111 111 111 104 117 0
99 97 99 99 109 101 99 104 105 106 96 108 1
99 100 99 102 109 102 99 102 105 106 97 105 2
99 105 99 115 117 106 112 114 107 119 112 114 3
99 97 99 108 119 103 104 113 102 111 100 105 4
99 110 99 106 115 105 100 102 109 111 99 108 5
99 99 99 114 120 106 110 114 106 117 110 112 6
97 99 98 106 115 98 100 105 101 108 104 105 7
99 105 100 111 115 105 106 108 111 109 99 111 8
99 110 103 116 119 114 116 120 114 121 112 117 9
99 97 103 109 107 105 111 111 105 116 103 105 10
108 122 115 119 125 119 115 118 124 119 116 15000 11
Chip#1
113 121 118 108 116 113 110 115 112 114 117 115 0
125 129 122 114 118 120 118 122 122 123 121 126 1
121 123 192 179 120 191 241 121 192 242 122 118 2
118 135 978 986 136 1244 1692 170 1363 1822 182 119 3
120 135 608 675 134 798 1098 151 960 1217 156 117 4
123 131 180 177 124 193 228 127 217 300 127 123 5
120 132 1088 1175 149 841 1069 157 1351 1921 197 121 6
121 135 917 998 147 543 702 146 806 1167 160 121 7
123 127 150 159 131 177 224 132 178 221 128 122 8
114 121 119 113 123 1081 1575 185 966 1437 196 115 9
121 123 123 110 128 822 1229 176 726 1119 176 118 10
123 127 123 117 122 139 148 122 137 155 120 15000 11
Chip#2
104 118 111 114 109 106 104 110 115 114 130 137 0
108 119 115 112 118 113 107 111 121 111 125 154 1
107 114 115 111 118 121 102 112 117 110 112 126 2
112 119 120 119 431 648 119 324 486 125 114 118 3
108 120 118 121 703 1011 147 629 913 155 116 116 4
115 138 138 126 166 196 118 189 246 125 118 123 5
107 520 633 124 274 354 113 352 486 118 109 112 6
121 626 759 138 495 658 131 769 1071 151 118 119 7
113 157 162 124 164 193 112 211 255 126 121 123 8
109 381 443 121 505 585 110 516 561 114 107 113 9
112 498 553 128 853 964 122 907 1062 126 109 109 10
127 150 151 129 185 196 114 206 230 126 123 15000 11
Chip#3
117 103 116 118 124 110 119 118 107 114 117 127 0
111 103 120 116 115 115 113 120 111 114 117 126 1
112 104 136 132 111 131 142 110 122 126 112 110 2
113 103 126 122 117 118 119 112 114 122 110 121 3
106 97 113 111 110 102 109 110 107 106 107 118 4
106 101 135 130 111 122 142 106 125 122 114 121 5
111 96 125 122 110 110 116 113 122 125 110 117 6
109 104 118 111 113 110 112 110 106 106 109 119 7
109 105 142 132 115 131 142 108 105 105 110 123 8
112 105 138 131 113 131 129 109 103 110 108 121 9
123 111 120 115 118 111 119 118 109 111 117 122 10
150 132 137 128 140 129 128 128 134 127 129 15000 11
Chip#4
99 107 103 111 120 111 103 116 111 111 102 114 0
99 99 100 106 112 105 98 107 105 109 100 105 1
99 110 102 108 113 105 103 105 103 113 96 108 2
99 100 99 109 119 103 107 110 103 114 106 102 3
99 97 99 109 115 111 102 110 106 139 102 107 4
99 99 99 105 110 107 99 108 106 108 100 111 5
99 102 99 114 122 106 111 110 102 111 106 105 6
99 100 99 108 120 105 100 110 102 110 102 102 7
99 102 103 109 116 107 103 111 109 110 97 111 8
98 99 98 103 106 110 107 114 105 108 103 102 9
99 106 106 111 117 111 114 117 111 121 102 111 10
101 107 103 109 122 114 112 111 113 118 100 15000 11
Chip#1
114 119 118 112 113 112 111 114 109 118 114 121 0
116 121 119 113 119 117 109 118 120 126 116 121 1
123 127 192 183 130 218 274 125 205 287 126 126 2
124 140 986 990 158 1543 2141 195 1739 2314 209 125 3
119 132 611 678 135 997 1378 161 1190 1527 166 118 4
113 125 189 184 120 202 232 122 238 347 118 117 5
120 140 1327 1484 158 847 1075 154 1728 2425 225 125 6
116 136 1145 1244 150 539 701 139 1001 1468 169 119 7
123 132 160 167 133 202 249 132 192 259 124 126 8
120 126 127 118 132 1368 2005 212 1257 1824 219 125 9
124 130 122 117 131 1028 1561 191 908 1413 192 123 10
124 125 125 118 127 150 163 124 137 165 128 15000 11
Chip#2
115 119 117 116 115 119 108 114 122 130 138 149 0
112 119 120 115 114 118 105 115 116 119 129 158 1
112 118 117 115 128 131 103 121 127 119 116 140 2
111 122 117 115 539 819 124 383 593 130 113 121 3
106 115 115 116 889 1299 152 794 1170 171 106 110 4
120 139 150 126 179 219 118 212 262 132 121 123 5
120 656 792 133 283 360 115 438 600 130 121 122 6
115 783 942 139 499 664 132 975 1376 168 113 121 7
125 166 175 130 169 196 124 233 296 136 123 127 8
112 390 450 125 636 738 117 651 721 119 114 115 9
120 505 560 134 1096 1242 130 1140 1376 135 112 113 10
123 150 150 123 198 204 115 219 246 127 122 15000 11
Chip#3
114 99 112 102 108 100 107 109 102 105 105 118 0
111 97 120 107 107 103 108 109 102 109 109 119 1
118 110 147 143 117 144 134 117 126 135 117 123 2
108 99 133 122 110 122 123 109 115 122 104 118 3
109 100 113 109 106 104 105 108 105 110 107 118 4
117 108 144 134 114 132 134 118 122 138 113 126 5
109 105 126 120 114 115 115 113 118 127 107 123 6
116 104 121 111 114 105 109 110 103 109 110 118 7
112 107 144 139 115 138 134 112 103 107 109 121 8
127 118 154 145 126 147 142 129 113 125 122 129 9
122 111 118 111 114 108 111 114 109 120 110 123 10
142 121 130 123 130 121 120 124 120 126 119 15000 11
Chip#4
99 100 100 108 113 109 99 110 102 112 99 107 0
99 106 104 106 115 107 103 114 107 106 100 112 1
99 102 100 108 116 105 100 107 102 109 100 108 2
99 102 99 109 120 102 104 114 103 113 109 110 3
99 96 98 99 112 99 94 113 95 106 97 104 4
99 105 99 106 117 110 100 111 103 108 100 105 5
98 97 98 112 115 99 102 113 103 113 104 104 6
99 106 102 112 123 109 102 116 106 110 102 108 7
99 99 99 102 110 106 102 111 101 104 96 108 8
99 109 106 112 120 111 111 121 106 114 107 111 9
99 105 104 109 117 105 110 120 105 113 102 112 10
106 112 107 115 125 112 112 118 113 117 102 15000 11
Chip#1
120 126 118 112 120 117 115 113 114 120 125 125 0
127 126 126 117 124 124 117 123 122 127 118 125 1
121 134 197 184 128 237 315 129 232 329 129 126 2
115 135 978 983 142 1926 2670 208 2144 2896 225 117 3
124 132 613 680 142 1244 1712 173 1488 1895 181 121 4
116 126 198 204 126 205 252 125 281 409 125 117 5
119 140 1644 1824 158 841 1079 161 2126 3039 246 121 6
116 138 1409 1536 158 538 701 135 1237 1833 176 118 7
120 130 172 180 138 214 274 135 209 287 132 127 8
118 127 121 125 128 1670 2490 225 1494 2263 236 123 9
111 123 122 114 126 1251 1890 204 1108 1751 201 117 10
130 131 128 125 135 155 177 133 152 185 128 15000 11
Chip#2
111 115 116 114 110 116 107 112 116 121 146 158 0
120 133 126 129 129 130 118 125 130 127 143 183 1
104 120 118 117 126 132 105 123 127 115 116 143 2
113 130 123 129 681 1014 138 480 758 142 119 130 3
108 124 121 126 1121 1654 173 1001 1501 194 118 119 4
119 145 148 128 189 249 120 233 305 125 117 123 5
120 820 1015 139 282 362 119 527 767 130 114 121 6
119 987 1186 140 488 663 130 1206 1739 174 114 115 7
121 166 181 130 171 198 115 260 353 130 124 123 8
117 387 451 135 788 936 127 820 894 126 117 121 9
121 505 572 139 1380 1582 136 1454 1740 146 112 115 10
129 150 153 125 231 234 119 243 277 126 127 15000 11
Chip#3
112 97 111 110 113 102 109 116 106 105 104 117 0
113 103 120 110 108 101 112 113 109 111 108 119 1
112 99 145 139 121 137 134 117 125 131 117 125 2
109 103 131 126 111 122 128 117 113 120 115 119 3
105 94 116 109 111 105 111 114 106 101 107 121 4
109 107 143 135 120 128 132 114 128 133 117 122 5
123 107 136 128 118 131 129 121 130 134 115 126 6
116 105 118 114 114 111 115 121 106 111 110 119 7
111 101 145 136 115 134 142 113 101 105 107 122 8
118 103 143 132 117 132 142 116 98 103 109 119 9
124 115 117 117 118 111 116 120 113 114 115 125 10
148 125 131 124 139 124 128 130 134 127 124 15000 11
Chip#4
99 103 100 102 106 105 100 104 103 105 96 105 0
99 107 100 108 117 109 102 105 106 108 99 111 1
99 103 103 108 110 103 102 105 107 111 99 108 2
99 106 102 116 123 113 111 116 107 117 110 111 3
99 105 104 114 116 111 103 114 107 115 110 111 4
99 97 99 103 107 101 96 105 105 104 96 105 5
99 99 99 111 116 105 106 113 102 113 104 107 6
99 105 99 109 117 107 99 101 105 111 102 105 7
99 103 99 102 109 107 99 107 106 104 97 105 8
101 106 106 114 113 107 111 121 109 114 104 115 9
99 100 99 102 107 106 106 113 107 114 106 107 10
102 109 103 115 119 111 111 114 117 117 103 15000 11
Chip#1
111 118 112 109 109 112 100 108 112 115 113 114 0
115 122 117 114 116 113 110 114 113 120 116 118 1
111 114 148 145 113 189 237 117 192 240 112 114 2
109 119 537 555 120 1222 1670 162 1330 1785 176 106 3
114 125 368 399 124 790 1099 151 960 1198 153 117 4
111 119 170 161 119 164 185 115 213 290 116 113 5
115 131 1095 1194 158 477 606 140 1362 1952 196 115 6
115 129 928 1009 145 341 417 129 809 1182 149 114 7
109 114 139 148 118 166 201 115 169 215 113 107 8
110 121 117 113 123 1080 1569 177 965 1448 188 117 9
110 119 112 112 120 818 1226 172 728 1132 165 118 10
114 117 118 116 123 135 147 122 130 150 113 10079 11
Chip#2
111 125 122 123 118 118 113 116 119 131 155 166 0
124 132 128 128 132 126 118 121 127 135 153 193 1
116 129 122 117 136 143 112 129 137 118 123 152 2
119 127 128 133 778 1220 142 552 880 150 124 130 3
117 130 130 128 1346 2017 196 1186 1791 213 123 124 4
119 149 161 133 211 276 125 250 350 138 121 126 5
116 1002 1221 135 277 359 115 615 887 130 114 112 6
132 1226 1470 156 500 665 138 1482 2152 199 125 121 7
123 182 193 128 180 200 125 297 402 134 124 128 8
123 397 457 137 946 1112 136 977 1081 139 122 132 9
124 511 573 144 1728 1934 151 1769 2106 152 117 121 10
129 150 160 125 261 261 124 267 309 132 124 15000 11
Chip#3
106 93 109 101 104 98 103 109 101 101 104 114 0
106 97 115 110 103 102 109 109 103 110 107 117 1
109 104 138 136 117 131 134 113 120 127 109 118 2
108 107 131 126 107 120 121 116 113 120 109 117 3
119 107 122 119 118 110 116 118 111 114 112 121 4
112 110 151 137 117 128 133 114 132 138 112 115 5
107 104 133 127 106 118 124 114 121 133 110 117 6
112 103 121 111 114 110 116 120 109 114 108 117 7
116 111 154 144 118 143 142 118 110 115 115 126 8
109 110 147 139 115 136 142 118 113 109 110 118 9
109 104 113 106 113 101 111 110 102 105 105 114 10
141 126 134 130 135 121 123 129 128 123 125 15000 11
Chip#4
99 100 99 103 112 105 99 104 101 106 102 111 0
99 103 103 108 107 105 102 110 101 108 97 111 1
99 100 99 100 112 102 100 102 106 108 100 108 2
99 109 107 116 122 110 111 120 109 121 113 110 3
98 102 103 109 116 105 103 111 106 117 109 112 4
99 109 104 112 115 114 111 111 109 114 106 115 5
99 103 99 112 116 98 107 113 101 115 109 109 6
99 103 104 111 120 105 106 113 101 113 107 114 7
99 103 99 102 110 103 99 102 101 108 97 108 8
99 107 111 115 119 112 115 123 113 119 110 117 9
99 106 109 111 115 109 112 117 111 118 107 112 10
102 110 106 108 116 110 108 114 110 114 99 15000 11
Chip#1
118 119 118 108 116 109 110 117 112 124 118 119 0
111 117 114 109 112 119 108 118 114 118 114 118 1
111 117 151 140 115 197 256 115 192 252 117 111 2
105 116 535 550 122 1404 1932 169 1521 2050 178 106 3
114 127 370 401 126 919 1259 155 1073 1372 158 115 4
110 125 179 172 119 171 195 122 231 327 122 114 5
113 126 1283 1407 141 479 604 135 1578 2263 207 117 6
114 134 1105 1198 145 340 420 128 934 1366 158 114 7
116 122 153 162 124 180 218 124 192 237 125 119 8
113 119 122 112 122 1228 1833 191 1109 1663 201 111 9
111 121 118 110 118 929 1390 181 825 1294 182 118 10
114 121 118 114 120 144 150 123 138 155 117 10079 11
Chip#2
117 120 120 120 121 126 113 118 119 131 160 177 0
116 122 120 123 121 121 114 118 124 125 150 193 1
117 124 128 121 138 147 119 132 137 126 133 161 2
123 129 130 131 921 1405 152 632 1023 155 123 134 3
117 130 132 134 1545 2317 213 1380 2091 233 124 126 4
121 152 163 133 224 301 122 267 387 126 116 123 5
128 1215 1466 154 292 370 123 726 1040 140 122 123 6
132 1471 1759 159 501 666 141 1722 2524 208 122 124 7
125 191 205 138 189 211 128 336 465 139 125 129 8
124 390 459 139 1094 1291 138 1099 1258 132 121 123 9
132 512 578 152 1993 2351 161 2038 2461 165 121 128 10
129 150 162 134 281 292 124 300 342 131 127 15000 11
Chip#3
105 96 103 101 106 95 100 106 96 99 103 122 0
105 97 113 111 107 101 108 110 109 110 105 122 1
102 101 147 141 111 137 134 116 113 130 109 119 2
105 103 133 128 102 121 125 112 113 117 105 111 3
111 100 118 114 111 107 112 117 110 109 114 122 4
108 112 149 144 108 134 142 118 132 141 114 126 5
111 103 137 131 113 118 127 117 122 133 112 117 6
108 101 112 109 107 108 111 106 105 102 105 121 7
105 99 147 136 106 134 134 110 101 103 102 113 8
102 99 140 127 103 129 127 105 99 94 100 110 9
113 107 117 113 114 110 112 117 110 109 109 122 10
141 125 130 130 133 122 124 126 125 126 119 15000 11
Chip#4
102 99 99 106 107 102 98 108 99 102 92 105 0
99 93 99 97 107 102 98 104 102 108 93 107 1
99 97 102 106 113 106 106 110 103 110 97 112 2
99 100 100 116 120 111 104 114 109 117 107 107 3
99 94 100 109 112 102 99 107 103 110 99 102 4
99 103 103 109 113 110 103 114 110 113 102 108 5
99 99 100 116 119 106 107 113 102 113 110 105 6
99 109 103 112 120 109 103 113 105 113 106 110 7
99 105 103 108 112 107 100 110 110 109 100 105 8
99 102 99 102 112 109 107 118 105 111 102 102 9
99 105 103 109 115 111 110 114 107 114 107 107 10
106 107 113 112 125 116 111 120 117 118 107 15000 11
Chip#1
113 117 113 110 113 110 113 114 110 118 114 117 0
115 117 118 117 120 120 113 117 116 123 118 125 1
111 117 148 144 112 211 273 118 201 275 118 113 2
111 128 550 562 132 1572 2193 191 1731 2330 207 122 3
116 123 369 400 127 1025 1417 155 1219 1535 166 115 4
106 113 179 173 113 168 191 115 243 352 113 115 5
111 135 1481 1607 158 483 612 138 1781 2550 219 117 6
114 126 1258 1367 158 338 426 128 1051 1544 166 115 7
110 121 153 160 124 182 228 122 192 247 120 114 8
113 119 117 112 124 1375 2027 200 1247 1878 214 119 9
111 113 114 109 120 1038 1577 183 935 1457 184 115 10
114 117 117 109 115 133 155 118 134 158 112 10079 11
Chip#2
121 123 128 121 123 123 113 124 127 135 170 193 0
117 120 125 124 124 122 113 120 121 122 150 202 1
124 123 130 133 146 152 120 138 146 130 134 173 2
121 128 125 133 990 1577 153 697 1143 155 123 132 3
125 140 133 135 1738 2623 232 1557 2371 260 130 129 4
123 154 175 133 241 329 125 299 429 134 114 122 5
132 1389 1689 158 290 372 126 814 1184 144 119 123 6
138 1683 2028 171 510 670 146 1969 2857 226 124 127 7
125 198 197 140 194 213 127 363 511 139 124 128 8
121 398 462 143 1226 1455 138 1257 1404 132 119 117 9
125 519 579 156 2266 2560 166 2311 2838 169 128 123 10
133 166 157 131 303 313 127 319 380 132 121 15000 11
Chip#3
114 104 115 110 113 101 113 117 105 111 113 126 0
103 101 113 106 107 105 107 109 101 111 104 118 1
106 101 147 140 108 143 142 112 121 127 108 115 2
102 100 134 126 108 125 125 109 109 115 105 115 3
114 100 118 114 108 107 111 116 105 110 109 117 4
111 105 153 149 114 129 142 120 137 145 115 122 5
103 101 134 123 106 117 119 109 128 133 103 111 6
108 100 116 115 114 111 113 114 102 110 105 118 7
108 108 154 148 113 144 142 116 106 109 107 121 8
117 110 148 139 117 140 133 114 105 105 113 117 9
128 119 126 118 125 120 119 125 114 121 119 130 10
139 121 129 123 130 120 115 126 118 122 119 15000 11
Chip#4
97 94 113 100 106 102 98 101 102 102 92 104 0
99 107 106 106 117 113 103 113 107 113 106 115 1
99 105 100 112 116 111 102 111 110 114 106 112 2
99 99 99 118 119 110 106 117 102 115 106 111 3
99 94 99 112 113 107 104 111 107 117 103 108 4
99 100 99 111 115 113 100 110 102 111 103 108 5
99 92 99 106 119 99 102 108 101 108 102 107 6
99 90 99 108 112 101 95 101 98 106 97 102 7
99 105 104 111 112 109 106 105 109 117 103 111 8
99 103 102 114 115 111 119 121 110 123 109 114 9
99 107 106 118 119 114 116 123 117 139 113 116 10
105 107 103 112 123 115 107 114 111 115 106 15000 11
Chip#1
113 119 112 108 111 113 107 115 113 118 113 121 0
106 118 113 106 111 113 106 113 109 109 108 117 1
114 125 153 142 119 220 286 118 216 292 122 121 2
109 125 549 563 124 1756 2421 192 1906 2566 209 111 3
113 127 370 403 127 1122 1577 164 1322 1697 166 119 4
107 123 191 184 119 178 208 121 265 380 120 115 5
107 135 1626 1791 158 482 604 136 2000 2823 229 111 6
114 135 1405 1523 158 348 421 132 1169 1715 170 118 7
113 129 165 170 126 198 251 123 199 269 120 122 8
105 119 117 112 118 1500 2220 211 1374 2050 222 113 9
110 123 114 109 120 1140 1700 192 1025 1604 191 114 10
115 125 125 113 122 146 163 125 149 170 121 10079 11
Chip#2
115 114 123 119 118 115 104 116 120 132 167 193 0
127 128 127 130 130 126 117 129 130 134 156 216 1
117 120 123 121 138 148 114 133 141 123 130 171 2
120 125 130 135 1096 1735 157 774 1256 164 122 140 3
121 133 133 134 1945 2894 237 1716 2603 244 119 124 4
128 134 182 137 258 350 126 316 462 135 119 128 5
133 1531 1877 166 297 375 125 892 1296 148 121 128 6
142 1878 2295 175 511 670 147 2157 3170 237 129 128 7
130 205 231 144 199 222 130 392 539 142 125 128 8
123 399 464 151 1358 1614 145 1371 1535 142 128 127 9
136 516 583 158 2489 2839 173 2576 3074 174 122 126 10
143 166 175 149 336 341 138 363 416 150 135 15000 11
Chip#3
117 107 112 113 113 108 115 118 110 109 114 123 0
100 90 111 102 99 94 103 102 101 101 94 110 1
112 110 158 151 115 150 142 121 128 134 115 126 2
113 101 140 135 110 131 142 113 118 125 109 121 3
109 93 115 111 106 107 104 117 105 102 104 111 4
111 108 156 149 113 131 142 116 137 147 112 119 5
116 108 142 134 114 120 127 114 130 137 108 121 6
108 104 120 114 117 114 113 116 103 110 107 119 7
108 104 153 147 114 141 142 114 98 103 105 114 8
122 112 157 145 118 145 142 122 111 115 117 122 9
117 105 117 118 118 110 116 116 111 110 113 126 10
138 118 120 117 126 112 115 120 114 120 118 15000 11
Chip#4
105 97 99 100 105 103 92 105 98 105 97 101 0
99 97 102 108 112 106 103 108 107 105 100 111 1
99 103 99 108 120 113 104 111 109 111 100 114 2
99 104 100 118 126 112 111 118 109 139 106 111 3
99 100 100 114 122 111 107 113 107 114 104 104 4
99 109 104 114 119 114 107 117 113 139 106 115 5
99 102 102 119 125 107 111 120 109 117 109 112 6
99 99 99 109 120 109 103 108 106 111 102 108 7
99 109 107 112 117 114 106 111 110 110 104 114 8
99 106 102 112 119 110 114 120 111 115 107 107 9
99 99 99 105 110 105 111 108 103 114 100 105 10
108 113 113 118 123 119 110 118 120 119 109 15000 11
Chip#1
115 122 119 112 112 110 111 118 108 118 117 122 0
118 125 115 110 118 119 114 119 117 124 121 123 1
115 115 151 146 118 224 303 122 216 309 118 117 2
107 121 540 555 122 1882 2612 198 2061 2775 210 111 3
118 128 369 399 126 1220 1680 169 1434 1838 181 118 4
110 123 194 204 118 183 209 123 276 402 124 111 5
115 136 1780 1965 158 483 605 143 2151 3064 244 115 6
113 134 1525 1670 158 337 416 131 1253 1848 176 118 7
105 110 157 172 116 193 244 117 232 264 113 111 8
113 118 119 114 122 1620 2405 217 1509 2270 235 118 9
115 125 123 114 126 1228 1838 204 1108 1731 203 122 10
118 117 123 110 119 146 164 123 142 169 122 10079 11
Chip#2
112 117 121 112 114 117 109 115 116 127 140 161 0
105 115 115 107 109 110 109 115 112 113 135 167 1
104 119 117 116 125 131 103 119 126 115 119 140 2
113 117 118 124 665 982 132 475 735 139 118 129 3
104 115 120 119 1089 1608 167 1001 1482 187 112 118 4
100 125 138 110 169 228 107 223 294 114 109 108 5
113 905 1083 134 195 237 112 534 767 126 112 112 6
123 1092 1304 149 317 397 127 1257 1791 185 122 122 7
107 150 171 114 148 174 107 264 351 118 116 115 8
112 248 280 125 794 942 119 817 897 119 114 113 9
108 322 345 128 1433 1600 135 1457 1731 136 113 110 10
113 137 140 121 222 228 117 242 270 126 121 10018 11
Chip#3
116 103 118 118 114 108 113 117 107 113 113 129 0
106 97 116 114 107 102 108 102 102 109 107 117 1
122 116 165 158 124 148 158 117 129 142 122 127 2
118 108 149 136 118 136 133 118 121 125 114 121 3
117 106 122 115 111 111 109 117 106 113 112 122 4
112 107 156 144 113 122 128 113 132 150 112 123 5
107 97 134 123 102 105 116 102 121 129 100 114 6
107 101 116 105 111 108 111 113 103 102 107 115 7
122 115 167 153 126 154 158 120 110 117 115 130 8
118 114 157 139 117 148 142 116 111 115 113 123 9
128 118 129 118 122 120 119 124 111 120 119 125 10
139 119 130 115 125 118 117 124 115 118 115 15000 11
Chip#4
99 105 99 102 113 106 96 105 102 110 102 108 0
99 103 102 108 116 105 102 113 107 114 103 112 1
99 92 102 99 109 99 94 104 97 108 93 107 2
99 93 102 106 113 99 102 108 99 111 100 102 3
99 103 99 112 120 109 107 113 109 119 110 108 4
99 94 99 96 110 99 95 102 98 104 96 108 5
99 100 99 114 122 101 99 116 103 111 107 105 6
99 103 99 106 115 106 102 110 103 110 96 105 7
99 106 106 112 119 111 107 114 113 114 100 115 8
99 103 102 111 119 111 110 121 109 119 106 107 9
99 103 99 109 110 107 110 114 105 115 103 109 10
103 103 104 108 125 112 108 116 113 115 104 15000 11
Chip#1
109 112 108 97 107 106 104 108 109 112 110 111 0
102 108 108 101 107 106 104 108 110 109 105 114 1
111 114 128 122 112 174 217 113 174 216 114 110 2
106 112 322 331 116 1053 1450 153 1157 1532 154 106 3
102 114 230 238 112 694 955 131 813 1036 134 102 4
95 104 148 138 100 138 147 104 192 258 105 101 5
107 117 1034 1117 126 296 366 121 1232 1736 176 107 6
109 123 881 988 132 232 274 124 735 1068 144 117 7
110 117 143 144 120 152 189 117 168 215 112 111 8
102 112 110 106 112 951 1392 165 874 1291 170 107 9
100 108 100 90 103 732 1067 147 659 1008 142 101 10
106 112 109 101 103 127 138 113 126 138 106 7565 11
Chip#2
112 117 122 116 120 113 107 118 115 128 149 158 0
115 123 121 119 121 117 113 119 122 132 143 200 1
115 120 125 120 132 134 110 133 132 122 123 152 2
109 110 115 114 665 1036 128 489 767 128 108 121 3
112 115 128 126 1187 1732 181 1038 1558 199 116 115 4
112 135 151 121 190 242 114 233 309 122 109 111 5
123 964 1172 143 200 242 118 572 809 136 118 121 6
121 1173 1403 147 314 392 123 1320 1909 180 119 119 7
119 166 182 128 159 181 119 278 377 131 119 124 8
116 252 282 123 849 985 124 869 959 128 112 119 9
116 322 348 130 1494 1732 145 1546 1860 140 113 115 10
108 130 131 112 231 233 109 245 275 121 111 10018 11
Chip#3
116 101 111 113 113 98 112 110 103 107 107 127 0
107 99 122 114 111 105 113 110 107 113 104 123 1
117 110 160 154 117 147 158 118 128 135 113 125 2
108 100 136 136 108 127 133 106 107 121 104 119 3
113 100 117 110 110 105 112 113 107 110 107 123 4
116 112 165 157 122 135 142 121 144 158 117 126 5
108 105 143 132 113 115 119 112 130 143 109 118 6
107 99 117 109 107 107 111 110 106 106 103 118 7
114 114 162 151 120 150 142 118 111 117 112 122 8
116 112 158 147 115 144 142 121 110 111 108 122 9
116 108 116 114 115 108 113 114 109 110 109 119 10
144 130 134 127 136 124 128 128 125 125 127 15000 11
Chip#4
99 103 104 106 115 107 100 108 102 109 97 108 0
99 102 99 111 112 109 102 107 107 109 102 107 1
99 106 99 108 120 110 103 108 102 115 103 112 2
99 107 99 121 122 106 108 114 106 121 109 112 3
99 99 99 106 110 97 102 107 99 110 100 102 4
99 106 99 109 113 106 104 113 109 113 104 117 5
99 100 99 114 116 106 106 113 101 111 102 109 6
99 109 99 114 125 113 107 113 110 118 110 109 7
99 106 99 105 115 111 106 113 106 110 97 111 8
99 106 99 109 116 107 111 114 107 115 102 105 9
99 110 102 112 122 114 116 118 111 117 106 111 10
109 117 110 114 120 120 111 118 118 121 104 15000 11
Chip#1
102 108 104 94 100 106 98 107 99 100 104 107 0
107 114 113 104 109 113 104 113 108 114 112 113 1
109 113 123 118 112 174 220 111 192 217 110 110 2
111 116 324 332 118 1123 1561 158 1231 1635 168 106 3
106 113 230 242 112 732 1007 133 857 1094 134 105 4
107 116 162 157 116 147 160 115 203 275 114 106 5
109 123 1110 1228 134 305 367 123 1300 1851 185 110 6
102 122 940 1024 128 224 273 115 774 1131 137 107 7
104 113 135 142 114 156 182 111 157 214 107 105 8
105 113 113 112 112 1011 1478 168 925 1374 180 106 9
107 109 109 102 115 767 1148 162 720 1080 153 110 10
100 105 105 101 104 123 133 103 121 134 102 7565 11
Chip#2
111 112 116 112 114 115 105 114 117 123 143 156 0
108 114 115 115 112 114 104 114 115 118 134 171 1
112 115 118 111 120 132 105 123 125 114 119 149 2
115 119 118 116 699 1089 133 512 807 140 114 124 3
109 118 117 120 1204 1797 183 1086 1647 200 111 115 4
113 137 151 119 189 254 114 235 322 123 114 116 5
115 1008 1233 134 192 236 112 591 835 125 112 113 6
127 1234 1486 146 316 394 126 1396 2020 187 116 115 7
113 166 183 124 154 180 123 286 387 127 111 121 8
123 259 286 133 896 1040 133 918 1014 135 119 124 9
117 330 361 138 1582 1809 151 1640 1971 157 121 123 10
116 138 135 119 239 245 113 254 290 123 118 10018 11
Chip#3
116 107 116 114 113 105 113 120 113 115 115 123 0
108 101 120 115 111 104 109 118 103 114 112 122 1
121 115 166 161 118 155 158 125 128 139 115 127 2
121 114 154 144 119 140 142 126 129 137 118 125 3
116 107 124 117 111 111 115 113 107 114 113 121 4
109 112 163 156 111 128 131 116 141 154 114 121 5
107 105 139 132 103 112 117 114 125 141 109 122 6
106 100 121 114 110 108 113 114 103 110 107 121 7
119 112 162 153 122 152 142 117 107 109 112 121 8
114 108 154 145 117 148 142 114 103 105 105 118 9
121 112 118 111 113 105 112 113 106 106 108 115 10
139 132 131 130 130 117 128 129 122 125 123 15000 11
Chip#4
99 105 99 106 122 111 103 108 107 113 100 111 0
99 102 99 102 113 111 106 107 103 110 94 114 1
99 106 99 111 122 109 108 110 106 115 104 107 2
99 109 100 116 126 114 114 121 110 123 112 112 3
99 107 99 112 123 114 110 118 110 121 107 111 4
99 97 99 103 115 101 99 102 106 108 94 104 5
99 103 99 116 120 110 108 114 109 119 109 112 6
99 106 102 115 126 114 112 116 110 115 106 114 7
99 105 99 111 117 114 107 111 110 117 100 117 8
99 109 104 118 122 114 119 123 117 125 112 114 9
99 112 104 112 123 111 116 116 107 119 107 115 10
109 113 108 115 127 119 119 120 124 139 109 15000 11
Chip#1
111 116 112 108 111 110 100 114 109 111 118 119 0
106 112 110 98 103 112 103 108 112 109 109 113 1
106 112 122 113 105 177 228 108 173 222 110 107 2
104 117 323 328 114 1189 1624 161 1294 1794 166 107 3
106 109 235 244 113 773 1068 139 920 1162 144 109 4
109 118 161 153 116 148 164 119 212 291 118 110 5
106 126 1175 1271 135 300 369 125 1380 1967 186 111 6
109 123 1019 1089 135 224 273 121 827 1201 152 106 7
102 113 144 142 111 160 194 115 166 215 112 110 8
107 114 113 112 118 1071 1554 176 977 1457 185 109 9
104 115 110 104 116 813 1211 164 735 1144 158 111 10
113 115 114 109 113 131 146 115 130 149 113 7565 11
Chip#2
105 109 115 108 113 110 98 110 116 121 144 156 0
106 109 110 114 114 109 102 111 113 117 138 177 1
112 119 120 116 126 131 108 124 128 123 124 150 2
113 119 127 125 730 1139 138 533 843 144 121 126 3
108 123 127 125 1255 1880 184 1137 1716 203 114 118 4
117 139 152 121 195 261 109 239 332 122 116 116 5
112 1057 1287 135 198 241 115 614 879 126 108 118 6
125 1298 1552 152 320 397 128 1457 2117 195 121 123 7
109 166 182 116 150 172 108 288 396 118 107 108 8
105 243 279 120 933 1075 114 942 1034 117 111 110 9
119 324 358 142 1649 1885 142 1708 2058 150 117 118 10
107 130 130 117 240 245 109 253 293 119 111 10018 11
Chip#3
116 105 113 115 119 104 109 120 111 109 113 127 0
108 100 120 118 113 110 111 116 105 107 110 121 1
112 105 155 151 117 148 142 116 124 127 113 119 2
114 114 153 139 120 144 134 117 124 127 118 125 3
109 97 112 110 111 101 108 112 102 103 102 113 4
113 114 170 154 117 132 142 124 141 154 117 123 5
107 103 140 132 106 118 117 114 134 141 112 114 6
112 108 122 115 121 110 116 120 107 110 114 129 7
114 112 160 151 117 155 158 121 110 111 112 129 8
106 103 151 139 117 141 142 112 103 98 105 115 9
123 119 126 115 128 112 116 124 115 117 118 130 10
144 125 138 130 143 122 131 134 126 121 125 15000 11
Chip#4
109 94 108 100 107 105 99 102 101 106 92 98 0
98 100 100 105 113 106 102 107 102 108 94 104 1
99 102 100 108 117 114 104 107 103 106 100 107 2
99 100 102 122 123 113 108 117 103 118 110 105 3
99 105 99 115 119 111 110 114 106 117 112 111 4
99 99 99 108 115 110 102 105 102 102 102 99 5
99 99 99 114 117 102 108 114 105 113 109 100 6
99 110 100 119 126 116 112 121 113 139 113 111 7
96 94 100 100 106 102 98 104 95 105 92 98 8
122 110 103 111 122 118 142 124 111 139 112 109 9
99 106 102 111 117 109 112 116 107 118 107 111 10
103 115 104 115 123 122 115 116 120 115 106 15000 11
Chip#1
105 113 106 102 107 108 104 103 105 108 109 114 0
110 114 112 104 109 108 102 107 104 111 110 114 1
114 123 131 121 116 186 237 115 184 234 117 114 2
109 117 322 330 118 1245 1715 169 1368 1830 182 110 3
101 113 228 249 118 814 1120 139 960 1239 145 106 4
109 117 163 163 111 147 163 118 209 299 117 113 5
109 131 1230 1350 139 300 366 123 1450 2057 196 113 6
106 131 1072 1156 141 228 274 122 872 1259 154 113 7
107 115 147 154 120 160 198 117 192 220 116 114 8
100 104 104 99 111 1105 1625 169 1010 1526 182 105 9
109 112 109 102 115 847 1271 166 764 1193 169 110 10
105 112 108 101 109 131 138 111 114 138 112 7565 11
Chip#2
105 109 116 114 113 110 104 115 111 121 145 167 0
116 119 118 116 115 114 107 120 121 117 144 188 1
115 115 125 120 134 137 109 127 132 117 125 156 2
106 110 116 112 745 1168 133 541 860 131 112 123 3
117 122 126 126 1300 1947 191 1177 1791 208 123 121 4
106 137 148 112 189 255 108 236 336 111 108 110 5
116 1093 1327 143 196 243 115 634 913 132 118 122 6
127 1342 1598 156 318 396 132 1513 2181 190 121 122 7
111 166 184 121 151 176 113 294 408 122 112 117 8
108 250 285 126 944 1112 122 979 1075 119 109 115 9
117 322 352 139 1726 1949 146 1777 2116 147 119 119 10
112 135 138 124 250 255 113 267 301 117 121 10018 11
Chip#3
118 105 113 110 113 111 115 120 109 114 113 127 0
113 107 124 118 113 112 119 114 110 120 118 129 1
111 108 158 154 114 151 142 116 126 135 114 118 2
117 104 149 140 117 137 142 118 115 126 110 123 3
116 105 120 118 110 115 119 116 110 114 117 121 4
113 114 166 154 115 132 142 117 143 160 115 123 5
116 105 145 134 107 120 131 117 133 147 113 119 6
107 101 120 111 108 108 113 113 111 107 112 118 7
112 107 162 149 118 151 158 112 102 105 109 123 8
113 108 153 141 118 148 142 118 107 109 110 118 9
126 114 120 114 115 112 120 125 114 117 120 125 10
141 126 131 122 136 125 129 128 124 123 124 15000 11
Chip#4
99 107 99 111 120 115 104 110 109 113 103 115 0
99 104 104 109 117 110 107 113 110 113 104 115 1
99 102 99 105 117 106 96 105 105 108 100 114 2
99 105 99 114 122 113 112 113 107 118 109 111 3
99 99 99 111 122 109 108 110 109 119 106 109 4
99 97 99 100 110 105 96 107 103 109 97 108 5
99 97 99 112 116 103 106 116 103 117 104 104 6
93 96 96 105 109 101 102 104 101 109 102 105 7
106 103 99 103 113 110 99 108 102 109 97 107 8
98 99 98 105 110 105 110 113 107 113 103 104 9
99 105 100 111 115 109 110 114 107 111 104 108 10
106 113 107 112 123 111 110 111 111 115 106 15000 11
