Chip#1
95 195 254 28 188 0 213 237 264 203 90 158 0
89 195 245 22 188 0 213 237 264 219 85 154 1
89 195 249 19 188 0 213 237 264 219 88 151 2
85 195 250 21 188 0 205 237 264 219 90 152 3
95 195 254 29 188 0 213 237 264 219 93 154 4
92 195 218 26 188 0 205 237 264 203 96 156 5
84 195 249 26 188 0 205 237 264 219 88 154 6
88 195 246 24 188 0 213 237 264 219 88 151 7
92 195 249 28 188 11 213 237 264 219 91 154 8
94 195 218 26 188 0 205 237 264 203 88 155 9
92 195 218 22 188 0 205 237 264 219 90 154 10
91 195 250 25 188 0 205 237 264 203 90 15000 11
Chip#2
263 188 279 187 175 90 38 263 179 273 124 129 0
263 189 281 171 128 93 43 269 179 264 132 131 1
263 181 275 187 175 81 34 259 195 280 124 127 2
247 189 280 171 130 93 39 270 179 264 133 129 3
263 189 283 171 130 95 43 269 179 280 128 133 4
263 188 280 171 127 89 39 264 179 280 133 132 5
263 183 280 171 125 89 39 263 179 264 130 128 6
263 189 280 187 124 89 40 267 195 280 128 132 7
263 187 280 171 125 90 38 261 179 264 128 129 8
263 194 282 171 132 94 43 269 179 264 134 131 9
263 187 281 187 130 93 41 265 179 280 129 131 10
263 185 276 171 124 88 34 263 179 280 128 15000 11
