Chip#1
96 91 94 93 99 102 97 96 101 98 108 102 0
98 99 101 100 102 104 98 97 101 104 107 99 1
93 93 95 88 96 96 97 93 91 97 103 92 2
103 103 104 100 108 108 104 100 106 108 111 106 3
90 89 95 90 99 102 92 96 95 96 98 94 4
98 93 98 92 100 99 99 96 96 101 103 99 5
92 87 92 88 97 95 93 93 96 98 98 92 6
103 100 107 103 104 108 105 99 107 108 111 100 7
98 96 97 93 102 100 98 94 102 100 107 95 8
100 95 101 99 97 100 100 96 96 104 103 98 9
94 89 95 88 97 103 97 94 99 98 103 91 10
94 92 98 96 102 96 97 96 98 97 104 15000 11
Chip#1
96 97 95 93 97 102 107 100 101 108 101 102 0
85 89 94 88 92 94 93 92 92 96 95 94 1
94 93 97 96 95 102 100 100 98 101 102 99 2
99 100 106 101 102 107 105 103 102 109 103 106 3
93 96 100 94 102 103 102 98 101 104 101 100 4
96 93 91 94 100 96 97 97 99 96 100 99 5
98 95 98 97 95 98 98 96 94 102 103 98 6
99 101 103 97 104 108 105 100 103 104 105 100 7
94 93 92 93 99 104 104 92 99 96 103 100 8
96 96 100 96 100 107 102 97 99 100 101 99 9
89 95 97 94 102 102 97 92 98 100 99 92 10
92 86 90 92 92 92 94 86 91 97 92 15000 11
Chip#1
90 92 88 89 95 96 92 90 96 96 100 95 0
96 99 97 94 103 106 100 99 101 101 103 98 1
93 95 95 92 104 103 98 94 94 97 101 99 2
102 103 100 97 102 106 100 100 103 110 105 106 3
92 91 95 94 103 95 95 96 95 104 101 100 4
93 95 98 92 97 100 97 93 102 105 99 98 5
100 100 103 103 106 107 104 106 101 109 109 104 6
98 100 101 99 102 102 98 99 105 106 105 100 7
100 101 101 99 104 106 105 102 102 112 104 102 8
98 100 100 99 102 103 102 99 102 102 104 98 9
99 97 101 97 104 110 100 99 102 108 108 99 10
98 93 90 94 97 102 95 96 94 97 103 15000 11
Chip#1
90 91 93 92 95 100 93 93 95 94 100 94 0
95 96 101 99 107 107 104 100 103 104 108 96 1
95 99 97 99 104 104 103 96 102 101 103 98 2
93 96 97 89 96 103 98 94 103 97 103 98 3
98 95 97 97 104 102 100 97 102 98 105 98 4
96 93 95 94 102 102 98 96 103 100 103 99 5
96 96 97 99 96 103 102 99 101 97 103 100 6
102 101 108 101 110 108 107 104 106 106 112 104 7
100 103 103 103 104 110 103 100 109 108 109 104 8
102 101 105 104 107 108 108 106 110 106 112 104 9
103 104 107 101 104 111 102 102 107 106 112 102 10
100 97 103 101 102 107 102 100 106 106 107 15000 11
Chip#1
92 99 98 96 102 106 100 99 99 105 101 98 0
95 90 97 94 97 104 98 100 99 98 104 96 1
95 91 94 93 102 104 95 96 99 101 104 96 2
103 104 106 103 111 112 105 103 110 110 112 106 3
98 103 103 96 103 108 102 98 107 106 112 103 4
103 104 101 104 108 112 108 104 107 108 113 102 5
95 95 90 90 96 96 93 96 94 98 96 92 6
95 96 100 96 102 107 98 100 98 102 107 91 7
100 99 105 101 110 114 108 102 111 110 111 103 8
96 100 98 94 103 111 104 99 105 106 109 99 9
95 97 101 99 100 106 102 102 106 106 105 98 10
100 96 100 97 103 108 103 99 103 109 107 15000 11
Chip#1
106 101 110 100 110 107 104 100 106 106 112 106 0
96 96 104 101 104 106 103 100 101 109 108 99 1
99 93 98 97 104 103 99 96 96 104 105 98 2
100 99 103 101 100 106 100 102 105 104 103 102 3
100 96 103 101 111 110 104 103 107 109 114 102 4
102 100 107 99 107 107 105 102 103 106 109 100 5
96 93 97 96 104 103 99 98 99 101 103 99 6
104 112 113 108 110 110 113 111 113 113 113 108 7
106 103 107 104 107 112 107 104 106 106 113 108 8
99 96 101 99 106 106 102 99 103 105 103 102 9
103 103 105 101 107 110 104 103 105 104 108 104 10
103 99 103 103 111 106 97 96 98 111 108 15000 11
