Chipdp
165 1 7 48 48 48 48 48 48 48 48 48 48 48 48 65 83 81 82 77 48 56 52 50 48 50 49 49 48 51 48 48 49 51 49 3 208 4 8 2 0 0 0 0 4 6 8 7 8 6 9 7 9 4 6 5 7 5 6 6 7 6 4 9 8 10 8 9 9 10 9 4 9 5 10 5 9 6 10 6 4 3 8 4 8 3 9 4 9 4 3 5 4 5 3 6 4 6 4 3 2 4 2 3 3 4 3 4 6 2 7 2 6 3 7 3 4 6 7 7 7 6 8 7 8 4 6 4 7 4 6 5 7 5 4 3 7 4 7 3 8 4 8 4 3 4 4 4 3 5 4 5 4 9 7 10 7 9 8 10 8 4 9 4 10 4 9 5 10 5 4 9 1 10 1 9 2 10 2 4 6 1 7 1 6 2 7 2 4 5 2 6 2 5 3 6 3 4 5 5 6 5 5 6 6 6 4 8 2 9 2 8 3 9 3 4 8 5 9 5 8 6 9 6 4 2 2 3 2 2 3 3 3 4 2 5 3 5 2 6 3 6 4 2 8 3 8 2 9 3 9 4 5 8 6 8 5 9 6 9 4 6 9 7 9 6 10 7 10 4 6 6 7 6 6 7 7 7 4 9 9 10 9 9 10 10 10 4 9 6 10 6 9 7 10 7 4 3 9 4 9 3 10 4 10 4 3 6 4 6 3 7 4 7 4 3 3 4 3 3 4 4 4 4 6 3 7 3 6 4 7 4 
Chip#1
114 114 110 108 115 108 110 106 108 112 109 110 0
107 110 108 101 112 105 109 107 108 111 105 106 1
107 113 144 136 119 132 148 107 114 112 107 111 2
114 122 494 504 127 450 583 127 165 185 116 117 3
109 117 329 360 120 312 413 119 142 155 108 110 4
104 109 128 124 116 135 155 108 110 114 106 109 5
110 122 409 460 130 483 574 122 166 195 109 111 6
113 125 359 386 130 314 395 122 144 162 113 114 7
111 113 121 122 123 133 145 113 124 140 109 109 8
109 113 114 109 126 375 530 132 361 505 132 117 9
105 109 105 95 115 299 413 119 288 403 117 103 10
110 113 114 104 116 117 118 108 114 122 108 111 15000 11
Chip#2
99 104 105 106 103 104 99 104 104 110 108 108 0
109 119 112 110 113 112 104 115 116 117 122 123 1
112 117 115 114 112 116 102 115 119 119 118 118 2
98 112 106 110 190 257 99 176 230 114 112 102 3
104 115 110 112 273 373 112 279 370 126 116 107 4
113 127 125 119 127 148 110 137 153 119 119 116 5
116 265 298 124 212 260 112 127 127 122 121 119 6
115 297 338 130 333 437 115 131 142 122 121 121 7
113 129 126 116 153 150 109 114 117 114 119 113 8
111 260 290 119 242 272 108 123 128 117 119 116 9
115 322 350 117 359 398 105 128 132 110 113 107 10
119 132 132 116 153 139 109 116 120 121 119 113 15000 11
Chip#3
108 105 111 110 111 107 111 112 106 106 108 118 0
103 96 112 109 110 152 142 113 137 153 107 115 1
116 110 133 127 139 411 398 134 340 402 149 130 2
102 100 120 111 117 311 277 113 270 291 115 114 3
108 97 115 111 111 148 142 110 115 123 108 111 4
111 108 130 124 133 395 398 132 323 371 134 121 5
112 104 120 118 121 291 270 116 284 322 120 122 6
107 100 134 122 114 131 129 110 105 107 103 113 7
112 129 364 321 132 382 342 118 106 109 108 117 8
118 125 319 270 125 323 279 114 106 109 110 118 9
111 105 112 110 118 111 113 110 105 111 108 117 10
136 122 126 122 126 125 128 126 118 122 122 127 15000 11
Chip#4
99 97 99 100 109 105 99 107 103 109 103 111 0
99 100 103 109 112 110 103 108 105 109 99 112 1
99 109 104 118 119 116 112 114 113 115 109 121 2
99 106 108 138 132 114 142 130 107 139 116 114 3
99 100 100 119 127 105 118 120 101 115 109 107 4
99 112 108 116 122 114 111 121 114 139 116 119 5
99 113 107 138 135 111 158 139 114 155 117 118 6
99 109 104 125 123 110 116 120 107 113 110 111 7
99 112 106 116 122 116 112 120 113 139 113 123 8
99 109 107 112 120 115 142 133 113 155 126 115 9
99 107 108 114 116 114 126 130 107 139 120 118 10
113 125 115 124 136 127 120 124 125 139 120 128 15000 11
Chip#1
109 113 109 105 120 108 106 110 109 112 109 117 0
109 113 114 108 115 112 111 108 114 112 105 111 1
114 119 148 138 115 132 148 107 112 115 105 115 2
107 118 530 546 118 468 616 119 156 177 107 113 3
113 119 354 389 123 332 436 115 145 157 106 113 4
115 118 136 134 119 143 166 111 117 120 109 115 5
109 114 434 472 123 486 618 123 157 190 108 109 6
109 118 383 413 126 336 420 114 137 159 113 111 7
114 119 125 124 120 132 146 114 129 143 114 117 8
105 109 106 106 114 386 530 124 376 532 128 111 9
114 121 119 109 118 315 435 125 311 439 128 118 10
113 118 114 101 115 115 119 114 117 124 110 118 15000 11
Chip#2
116 118 120 117 115 114 110 114 117 125 128 130 0
116 120 122 119 117 118 109 120 122 122 129 134 1
104 110 111 107 112 108 104 107 113 113 112 119 2
108 117 113 115 217 285 108 196 246 119 113 112 3
120 125 125 124 317 414 127 311 416 142 128 124 4
106 119 118 110 125 136 103 133 144 115 107 110 5
111 276 319 120 221 277 109 116 119 115 112 116 6
109 315 362 116 368 474 115 119 129 113 116 108 7
105 125 128 112 169 148 104 110 116 108 114 111 8
112 272 314 120 263 288 107 118 125 113 114 113 9
113 352 385 114 399 434 108 124 126 110 109 110 10
117 142 136 119 146 147 114 119 119 122 121 117 15000 11
Chip#3
113 101 113 111 115 102 115 116 109 109 110 126 0
109 99 108 111 110 150 158 109 140 158 109 125 1
109 93 117 111 135 427 414 125 355 419 141 117 2
111 97 116 117 118 323 295 114 284 319 122 118 3
101 88 106 101 103 137 142 108 113 125 104 109 4
112 105 125 123 139 436 430 140 353 410 137 126 5
108 105 117 115 118 305 290 125 306 354 122 119 6
103 101 138 123 114 131 124 104 103 109 107 119 7
100 131 393 348 129 393 356 113 98 98 100 117 8
117 127 352 289 133 344 296 125 111 114 118 125 9
105 100 109 106 107 101 108 104 98 99 102 113 10
129 114 120 117 129 115 119 124 118 117 118 125 15000 11
Chip#4
99 100 99 105 106 105 98 98 98 101 99 109 0
99 106 102 108 115 107 106 111 103 110 106 114 1
99 105 104 109 117 111 107 110 109 113 103 112 2
99 102 100 128 136 110 124 135 107 118 112 110 3
99 102 100 119 129 106 110 118 109 110 107 109 4
99 106 103 112 117 109 108 112 109 139 107 116 5
99 107 107 128 133 109 142 132 114 139 112 118 6
99 106 104 122 127 109 115 120 103 117 110 115 7
99 102 107 103 113 110 110 113 106 114 109 118 8
99 106 104 105 115 112 142 129 106 139 117 112 9
101 115 108 112 126 118 142 132 113 139 123 119 10
112 113 112 115 127 122 142 121 120 139 113 119 15000 11
Chip#1
105 112 104 101 109 105 106 102 97 107 105 111 0
114 117 108 101 107 108 107 104 106 112 107 111 1
111 114 141 136 111 132 147 108 109 112 104 110 2
121 129 520 539 127 476 623 127 161 183 116 119 3
106 110 344 377 116 328 429 113 133 150 102 110 4
106 117 132 130 111 146 162 106 112 120 106 109 5
99 108 418 460 114 476 599 114 149 177 101 101 6
111 118 373 399 120 331 415 113 129 155 102 106 7
107 113 118 118 112 125 138 104 117 132 102 105 8
106 110 108 102 108 378 524 121 366 518 121 107 9
105 114 109 102 108 304 419 122 297 420 122 107 10
106 113 110 98 111 113 117 108 109 119 105 113 15000 11
Chip#2
111 115 115 114 113 113 104 112 112 115 121 127 0
108 110 108 106 101 108 100 105 111 110 111 119 1
108 118 117 116 109 114 102 114 115 113 116 121 2
108 110 107 107 210 279 105 192 255 117 109 116 3
108 118 112 111 303 408 115 299 408 130 111 112 4
106 113 113 109 125 139 97 129 151 109 106 106 5
111 283 321 116 217 278 105 116 121 114 112 113 6
115 326 374 124 370 484 119 128 135 114 116 117 7
113 137 137 115 153 158 108 112 115 117 111 115 8
119 279 321 128 268 302 113 127 129 123 125 122 9
101 344 377 114 409 452 102 121 124 101 104 106 10
117 142 137 121 146 148 110 120 128 122 122 118 15000 11
Chip#3
109 105 113 114 114 101 112 113 109 109 109 125 0
100 101 111 113 110 150 158 112 141 155 105 121 1
108 107 121 120 137 431 414 130 355 420 139 123 2
108 99 120 115 118 325 292 120 276 308 120 121 3
96 89 107 103 106 135 142 109 114 120 95 107 4
107 100 121 114 125 420 414 130 345 397 128 118 5
112 103 124 120 119 307 287 124 309 351 119 122 6
105 99 135 126 113 132 128 114 106 110 105 118 7
109 131 397 345 139 402 358 118 106 106 105 122 8
106 118 334 276 122 335 282 108 103 101 99 117 9
113 101 113 114 115 108 109 112 105 106 109 122 10
127 112 109 109 122 105 113 116 109 107 109 121 15000 11
Chip#4
99 109 100 105 113 110 102 105 109 109 106 114 0
99 110 100 111 117 110 108 107 111 110 107 117 1
99 110 99 105 119 109 102 108 106 109 106 109 2
99 107 100 137 136 113 124 133 110 118 113 114 3
99 105 100 122 123 112 119 123 109 115 109 112 4
99 113 108 114 117 112 111 113 111 114 112 119 5
99 106 100 136 130 113 128 133 111 129 113 118 6
99 99 100 124 123 109 116 116 103 113 106 110 7
99 105 103 109 116 114 104 116 110 114 104 118 8
99 110 103 114 115 115 127 132 113 139 123 119 9
99 107 103 112 113 112 120 126 109 139 120 115 10
109 117 113 119 129 124 120 118 120 122 112 119 15000 11
Chip#1
111 114 114 106 116 109 107 110 108 111 109 113 0
118 119 121 113 122 123 117 123 118 123 118 119 1
113 119 143 138 116 136 148 114 117 115 105 111 2
102 115 517 539 116 476 615 121 153 175 101 103 3
111 114 347 384 116 333 436 122 144 154 109 113 4
115 118 135 134 113 148 158 114 112 124 108 117 5
106 113 431 476 123 483 613 123 161 190 112 113 6
111 118 376 410 123 337 417 123 137 157 110 113 7
101 108 113 114 108 125 137 107 116 138 100 107 8
109 114 113 105 116 386 530 131 380 534 134 111 9
110 110 109 106 116 309 432 131 306 438 125 115 10
113 114 106 106 113 116 113 107 114 120 105 110 15000 11
Chip#2
107 117 117 114 110 115 107 110 115 119 121 126 0
107 122 117 110 115 116 104 112 116 117 119 127 1
98 107 106 106 104 109 94 110 106 108 107 112 2
103 114 113 110 212 280 107 193 246 115 106 112 3
108 119 117 110 311 408 118 307 410 131 111 113 4
100 114 118 110 153 147 98 128 152 111 111 110 5
115 288 327 125 229 289 118 123 130 122 121 122 6
109 323 370 120 377 482 118 123 137 115 116 113 7
105 132 130 115 153 156 103 111 119 110 112 117 8
103 265 302 114 255 292 95 111 117 108 106 107 9
111 348 380 123 409 441 105 127 132 115 113 113 10
111 137 131 112 153 141 104 110 119 118 114 113 15000 11
Chip#3
121 108 116 115 114 107 115 124 117 115 118 131 0
103 103 107 110 108 145 142 113 136 155 108 119 1
112 103 121 117 133 430 414 136 359 421 142 119 2
106 99 108 107 111 318 287 109 270 304 112 113 3
98 92 98 103 102 143 142 106 117 121 95 109 4
103 103 120 114 124 414 414 125 344 395 128 113 5
106 99 120 114 113 300 283 120 302 346 117 118 6
102 89 129 117 106 128 127 110 105 103 102 109 7
117 140 396 354 140 400 356 128 109 110 113 125 8
101 121 332 274 118 327 282 110 101 101 100 111 9
117 101 118 115 120 108 121 116 114 107 113 121 10
134 116 117 117 126 111 119 122 117 121 114 125 15000 11
Chip#4
99 106 103 112 116 116 106 107 111 113 107 114 0
99 107 104 109 112 107 103 107 109 115 104 112 1
99 109 100 108 115 107 99 104 105 110 99 108 2
99 113 108 139 143 113 142 132 107 118 112 119 3
99 112 107 133 130 114 123 123 114 139 114 114 4
99 113 107 118 117 114 111 113 113 117 110 115 5
99 103 104 131 129 109 142 124 107 139 110 114 6
99 112 110 133 132 115 119 120 118 118 109 118 7
99 115 108 112 117 110 106 108 107 115 103 111 8
99 102 100 106 115 110 120 123 107 123 119 107 9
101 110 110 112 119 112 123 127 116 139 122 117 10
109 116 112 112 123 118 112 110 116 118 110 115 15000 11
Chip#1
106 114 109 104 111 109 104 108 102 111 101 106 0
114 117 110 105 115 115 107 110 113 114 104 107 1
113 114 141 134 112 127 146 108 106 115 104 109 2
110 119 517 526 116 476 615 122 154 178 104 103 3
110 117 345 379 119 328 431 119 137 154 105 106 4
109 116 131 125 112 142 152 108 110 118 103 103 5
111 114 428 476 127 477 609 123 158 191 109 109 6
107 114 373 404 118 331 408 114 134 154 105 109 7
107 112 117 109 111 125 138 107 121 134 104 107 8
111 112 109 98 111 381 530 125 373 528 125 110 9
105 113 105 101 111 313 426 124 303 427 121 107 10
118 121 115 109 119 123 126 117 124 127 116 118 15000 11
Chip#2
107 112 112 114 109 109 99 106 112 115 119 119 0
104 113 113 110 112 109 99 112 116 113 118 124 1
108 122 120 119 118 118 107 116 122 121 121 123 2
103 113 111 111 211 283 102 194 255 121 112 112 3
111 114 112 111 306 407 115 304 407 125 117 115 4
100 114 117 103 124 141 98 128 150 110 112 104 5
107 283 327 121 221 279 109 118 121 118 118 113 6
109 324 374 120 372 481 120 131 132 117 118 113 7
96 123 125 106 153 153 97 107 111 108 107 108 8
115 277 312 125 270 298 112 121 130 119 119 118 9
111 345 376 121 409 444 107 125 134 118 119 117 10
107 133 125 110 153 144 100 110 115 110 106 111 15000 11
Chip#3
113 105 115 114 120 108 115 120 110 114 114 121 0
102 96 106 106 104 145 142 104 132 150 102 117 1
107 101 121 115 135 426 414 132 351 419 143 123 2
112 110 124 122 124 327 293 118 280 313 127 123 3
113 104 116 110 110 148 158 118 121 130 108 122 4
93 86 111 101 113 409 398 114 333 386 115 103 5
105 97 115 109 115 296 281 118 297 346 115 113 6
98 90 134 122 111 125 121 108 95 102 102 110 7
103 126 387 340 130 391 346 114 98 103 103 118 8
105 115 329 274 117 327 279 106 92 98 100 106 9
111 101 116 102 110 104 111 112 95 105 100 111 10
127 112 117 110 118 110 117 116 111 119 113 122 15000 11
Chip#4
99 103 103 109 119 109 103 108 106 110 104 112 0
99 107 102 106 115 107 103 107 105 109 106 109 1
102 106 108 112 125 115 111 113 111 118 109 117 2
99 103 106 131 137 111 124 129 105 115 113 114 3
99 103 99 119 125 106 118 120 101 117 110 110 4
99 107 103 105 113 106 107 113 107 113 103 111 5
99 107 107 133 133 112 142 136 110 139 112 114 6
99 110 107 130 129 111 120 124 109 117 110 115 7
99 97 99 97 106 103 99 105 96 104 96 102 8
99 100 100 102 116 109 122 124 103 122 117 112 9
99 106 103 105 116 107 119 123 103 123 119 112 10
105 113 108 112 127 119 112 116 116 118 110 114 15000 11
Chip#1
111 113 113 105 118 108 107 110 105 109 110 111 0
111 113 110 104 112 109 113 104 105 107 109 109 1
113 109 145 134 115 128 148 104 108 116 106 110 2
114 123 509 526 120 476 617 129 157 175 108 114 3
105 110 341 370 115 326 420 118 134 149 104 105 4
110 114 136 132 115 144 160 113 114 120 109 113 5
111 122 432 476 128 482 610 131 165 190 114 115 6
110 114 376 410 123 334 413 121 138 155 114 109 7
115 118 125 121 122 136 151 119 126 146 114 119 8
111 116 113 108 119 384 530 129 374 528 133 115 9
110 114 117 106 116 310 428 127 303 428 126 115 10
109 110 109 101 107 112 114 104 105 120 104 111 15000 11
Chip#2
105 112 108 111 106 105 95 106 110 108 113 117 0
111 113 115 114 113 110 104 108 113 110 117 127 1
103 113 116 114 112 112 100 110 116 113 113 119 2
107 113 113 116 216 283 110 197 246 118 113 119 3
105 123 121 117 313 410 114 306 413 135 114 117 4
107 124 122 114 126 145 103 129 155 114 112 111 5
102 279 320 112 214 276 102 114 117 110 107 107 6
109 322 368 121 367 479 113 123 135 109 112 115 7
111 137 141 116 146 158 108 112 121 113 116 117 8
106 268 304 119 261 289 104 116 122 108 107 112 9
107 337 369 116 399 440 102 119 124 107 102 102 10
116 137 131 116 153 141 110 112 120 119 113 118 15000 11
Chip#3
108 100 109 107 110 97 103 113 102 105 109 122 0
105 92 109 106 107 145 142 106 132 152 107 114 1
100 97 116 110 124 421 398 126 343 410 137 117 2
113 103 115 117 117 323 290 120 272 305 119 119 3
109 101 113 106 110 144 142 110 120 125 102 118 4
105 101 122 119 122 416 414 128 349 395 128 118 5
108 107 124 119 115 303 284 124 304 343 118 115 6
109 100 143 131 117 134 133 116 111 110 110 123 7
108 131 381 340 128 389 349 118 102 98 104 113 8
100 110 327 275 117 327 282 112 101 95 99 113 9
116 107 113 107 113 111 113 114 106 106 109 119 10
123 104 113 114 114 108 108 114 109 114 107 118 15000 11
Chip#4
99 99 99 102 106 105 100 104 103 108 99 104 0
99 107 102 111 116 112 108 111 110 111 107 114 1
99 109 103 109 119 110 107 111 111 117 107 117 2
99 109 103 134 137 110 142 130 106 118 110 114 3
99 117 104 128 133 120 120 129 113 139 116 119 4
99 109 99 114 117 114 106 114 106 110 106 114 5
99 107 103 134 133 112 142 136 105 139 114 117 6
99 106 99 125 126 110 115 120 105 113 109 108 7
99 106 102 109 115 111 107 110 106 111 104 112 8
99 102 99 108 110 110 142 126 111 139 119 109 9
99 109 106 115 116 115 124 127 110 129 122 114 10
106 116 107 112 122 120 112 114 114 118 110 112 15000 11
Chip#1
106 110 110 106 112 105 107 104 106 108 104 110 0
109 114 112 110 116 109 109 111 113 109 106 107 1
114 117 149 141 116 133 151 113 113 120 109 113 2
118 126 524 534 123 475 627 125 166 182 113 117 3
113 118 347 384 123 336 435 119 144 159 114 115 4
107 110 128 125 112 136 151 103 108 114 103 105 5
104 114 429 476 122 476 609 118 158 185 110 109 6
111 121 381 410 122 331 413 118 137 158 108 111 7
109 112 118 117 108 124 137 106 116 138 106 113 8
109 112 109 109 111 382 530 127 376 528 129 107 9
107 113 108 99 113 304 426 123 301 429 124 109 10
107 110 109 105 112 113 115 103 114 118 105 113 15000 11
Chip#2
115 127 125 120 119 126 114 119 125 127 133 134 0
104 112 115 107 107 113 104 110 113 114 117 122 1
111 124 116 114 115 122 107 114 120 119 116 128 2
107 114 116 116 212 288 112 197 255 123 114 117 3
99 109 110 107 297 407 108 298 399 125 107 106 4
103 117 120 106 123 145 107 135 151 118 108 111 5
103 277 319 114 210 270 98 112 116 113 109 110 6
107 322 379 121 371 480 119 133 133 115 117 118 7
108 124 128 107 136 159 104 108 111 109 104 107 8
115 272 309 123 268 302 113 120 127 115 113 117 9
120 351 389 125 402 459 113 135 135 123 116 119 10
112 137 132 115 138 149 108 114 120 115 114 115 15000 11
Chip#3
98 99 107 102 100 98 107 112 102 98 100 117 0
97 96 107 98 102 147 142 106 132 147 100 114 1
111 103 124 120 135 430 414 138 353 415 142 125 2
108 104 122 113 118 326 293 128 272 309 125 121 3
113 108 120 115 113 152 142 116 125 131 112 121 4
108 108 126 119 129 417 414 134 348 402 133 122 5
108 99 117 109 117 300 282 118 304 346 118 118 6
103 97 133 119 107 132 124 110 103 103 103 114 7
111 131 388 340 130 400 351 114 103 98 105 122 8
105 123 337 275 122 332 282 110 102 102 108 118 9
117 114 124 115 117 112 121 117 109 109 112 126 10
122 110 120 111 114 108 111 113 103 106 110 117 15000 11
Chip#4
99 106 102 111 113 112 106 111 107 109 103 112 0
99 106 100 105 112 111 110 110 109 109 106 119 1
99 103 99 112 117 106 106 108 103 114 102 117 2
99 102 103 133 137 109 123 126 106 117 114 112 3
99 99 99 121 127 107 115 123 106 139 106 111 4
99 99 99 102 105 106 102 108 106 104 103 107 5
99 99 102 130 132 106 142 130 103 139 109 112 6
99 109 100 124 129 111 119 120 107 115 112 117 7
99 110 110 114 120 118 114 116 110 114 110 118 8
99 109 107 114 120 116 142 135 116 139 126 121 9
99 104 106 118 122 112 142 129 110 139 124 115 10
112 116 111 116 127 115 112 111 114 118 110 115 15000 11
Chip#1
102 110 106 97 109 106 102 103 99 100 103 114 0
114 109 112 105 114 106 103 106 109 112 109 106 1
111 113 140 133 111 133 146 104 112 109 105 113 2
111 119 511 521 123 469 617 122 154 175 103 109 3
114 122 345 376 120 336 436 117 140 157 113 114 4
111 114 134 129 115 146 155 111 110 118 108 113 5
105 114 431 476 120 476 606 123 157 186 109 111 6
102 109 371 401 111 328 408 106 130 151 102 103 7
115 117 123 121 119 136 145 117 125 144 116 115 8
110 114 106 106 112 382 530 127 376 526 128 113 9
109 109 108 101 115 312 428 123 302 432 125 114 10
119 125 117 114 123 124 123 117 120 130 117 126 15000 11
Chip#2
94 107 106 106 106 109 97 106 111 109 113 118 0
112 113 113 110 110 112 100 106 119 110 113 126 1
98 112 110 107 104 109 102 107 112 106 108 118 2
103 109 115 109 206 282 102 190 246 117 108 115 3
99 114 107 106 302 403 114 301 405 122 108 106 4
98 109 113 103 120 137 97 124 151 108 107 110 5
109 284 326 119 226 285 113 124 124 119 117 121 6
106 319 363 114 366 470 107 120 130 109 107 113 7
103 133 132 114 140 165 100 114 122 114 114 113 8
112 270 302 120 265 294 103 120 126 114 111 118 9
113 345 379 119 409 443 107 128 133 111 108 115 10
111 135 135 112 138 140 104 111 117 114 108 117 15000 11
Chip#3
106 103 111 106 113 100 107 117 103 107 108 126 0
107 97 109 109 107 150 142 117 133 150 107 125 1
114 108 125 119 129 427 414 136 348 415 141 130 2
109 104 115 115 121 329 291 120 272 306 123 126 3
105 104 112 106 108 145 142 112 122 129 105 111 4
113 111 126 123 135 422 414 138 351 409 138 127 5
109 107 120 114 121 299 281 132 309 352 122 121 6
103 103 135 122 113 129 125 113 105 114 107 119 7
112 144 397 345 139 395 356 125 109 115 109 126 8
111 122 339 279 124 334 284 117 106 107 107 122 9
112 111 115 113 115 105 115 116 109 106 109 121 10
125 115 115 111 121 112 108 120 110 114 110 122 15000 11
Chip#4
99 100 111 102 110 101 92 104 96 104 99 108 0
99 107 103 106 115 105 104 107 103 110 104 114 1
99 109 99 109 123 106 103 104 105 110 110 112 2
99 103 103 133 137 110 123 126 103 115 106 111 3
99 103 102 127 127 107 120 121 105 118 110 117 4
99 105 99 111 115 111 103 113 102 110 104 114 5
99 100 99 128 133 106 124 130 99 139 110 115 6
99 103 102 124 130 107 118 117 99 114 106 111 7
99 112 104 109 120 110 114 114 103 113 106 115 8
99 107 102 112 119 110 142 132 109 139 120 114 9
99 103 100 109 115 107 115 123 106 139 116 111 10
113 120 111 119 130 122 119 121 118 123 114 122 15000 11
Chip#1
106 109 114 104 109 104 102 104 109 111 102 109 0
105 110 105 102 103 102 100 104 102 104 101 103 1
113 117 143 137 113 132 145 104 109 118 105 111 2
106 117 501 508 112 464 604 117 146 173 102 103 3
110 118 341 375 119 331 430 117 138 154 109 114 4
105 117 136 132 112 142 154 108 112 114 106 111 5
113 121 429 492 123 476 596 122 160 189 109 115 6
107 116 379 404 122 333 415 117 136 157 109 110 7
107 114 125 118 116 128 144 110 120 138 106 114 8
110 110 114 105 111 377 530 122 369 516 127 111 9
109 109 109 97 107 304 419 119 293 413 120 107 10
113 118 110 102 109 113 117 106 112 123 108 109 15000 11
Chip#2
103 105 107 105 109 105 98 105 104 106 114 117 0
104 113 107 107 109 110 97 108 115 113 117 123 1
103 114 111 111 112 105 99 110 110 113 111 118 2
105 115 117 116 212 284 113 196 255 123 116 118 3
109 119 116 111 311 410 117 306 413 132 116 113 4
100 114 112 109 119 139 100 129 147 106 106 108 5
105 281 322 117 225 279 103 120 119 118 118 118 6
111 326 378 123 375 481 119 128 137 118 117 118 7
102 125 127 110 140 149 103 108 115 108 106 107 8
113 273 310 121 266 297 108 123 128 119 117 116 9
113 344 375 123 402 446 108 135 130 118 116 117 10
112 130 126 112 137 140 99 111 111 114 111 113 15000 11
Chip#3
102 93 109 105 108 101 108 112 105 107 109 121 0
107 99 113 110 108 150 142 117 137 159 112 125 1
102 94 113 115 133 414 398 128 335 401 132 110 2
108 97 112 111 115 318 287 118 270 301 118 114 3
95 89 104 97 100 136 142 101 107 118 98 103 4
105 104 125 114 126 416 414 129 336 395 132 118 5
106 100 111 109 114 298 273 117 296 336 114 113 6
108 103 138 123 117 134 129 113 107 113 108 119 7
109 133 391 339 133 387 351 117 103 105 109 121 8
114 119 332 275 129 330 288 120 107 111 109 113 9
112 103 115 110 113 108 111 113 109 105 108 114 10
124 104 113 107 117 110 115 114 111 109 108 118 15000 11
Chip#4
99 102 100 109 116 110 108 105 106 108 104 109 0
99 103 102 108 113 107 103 107 102 109 102 115 1
99 106 103 108 117 107 107 111 111 114 102 114 2
99 109 107 134 136 115 142 133 111 139 113 117 3
102 107 106 125 137 116 122 126 109 122 113 115 4
99 106 100 112 116 105 106 110 105 111 103 111 5
99 106 100 133 135 109 142 130 105 139 110 114 6
99 99 100 122 127 107 112 114 103 110 104 112 7
99 103 99 111 117 106 106 105 102 113 106 110 8
99 109 107 115 127 115 130 135 120 139 126 121 9
99 103 99 114 113 109 122 121 109 118 117 112 10
105 112 108 112 125 115 114 114 114 114 107 112 15000 11
Chip#1
114 118 113 106 115 112 109 113 108 114 110 110 0
118 118 114 108 118 112 110 113 112 118 113 114 1
109 110 144 137 111 132 145 102 106 111 104 106 2
111 123 509 525 120 476 611 124 156 177 108 107 3
110 114 340 369 118 333 427 118 138 159 106 107 4
104 112 130 129 112 142 152 108 110 114 106 106 5
105 113 424 460 123 476 601 118 160 187 108 106 6
113 121 384 415 126 340 420 122 141 166 114 115 7
107 116 122 118 116 132 140 111 117 140 109 114 8
102 106 108 108 107 374 526 123 370 516 126 107 9
110 113 110 106 111 304 425 121 299 422 124 111 10
111 114 109 104 105 113 115 104 114 123 109 109 15000 11
Chip#2
111 120 121 114 115 113 105 114 117 118 122 129 0
107 112 106 106 104 108 98 103 106 109 112 123 1
107 115 110 112 113 112 102 110 116 117 109 122 2
105 119 115 110 211 278 105 192 255 118 108 117 3
104 117 113 115 302 401 119 303 405 134 107 110 4
112 122 127 116 134 148 112 142 157 123 119 118 5
111 277 322 117 220 274 103 115 120 115 106 111 6
100 321 373 123 373 478 110 121 134 114 111 115 7
105 137 135 117 153 154 107 112 119 113 109 116 8
112 283 319 114 261 294 105 119 122 113 109 115 9
111 372 405 123 409 438 109 125 132 114 112 111 10
111 138 131 112 153 143 108 112 116 114 111 112 15000 11
Chip#3
105 96 107 109 104 98 105 113 103 106 108 118 0
107 100 112 109 106 147 142 112 134 151 112 122 1
102 96 112 113 124 413 398 128 343 410 134 111 2
107 103 112 113 115 316 286 120 270 302 114 121 3
109 100 111 109 110 144 142 116 121 126 105 119 4
101 100 112 111 124 404 398 122 332 387 125 115 5
112 104 121 114 117 295 281 124 296 342 119 119 6
113 105 139 128 114 131 128 120 102 105 108 115 7
101 123 376 331 126 378 338 112 94 98 100 115 8
117 127 332 279 129 327 284 124 106 107 108 122 9
117 107 118 107 115 105 115 117 106 110 113 123 10
129 112 118 120 124 112 119 120 113 115 117 131 15000 11
Chip#4
99 109 104 109 116 112 110 113 110 113 106 118 0
99 105 100 106 112 101 99 105 105 106 99 110 1
99 106 103 109 119 112 106 110 107 109 104 118 2
99 115 104 134 140 111 123 132 109 117 112 121 3
99 103 99 121 123 109 115 118 99 113 106 107 4
99 107 103 108 116 106 104 111 106 104 106 109 5
99 99 103 128 127 103 142 129 106 139 110 107 6
99 94 99 116 122 103 107 114 101 104 102 102 7
99 112 104 112 117 114 103 113 105 111 109 117 8
99 110 103 114 116 109 142 133 107 139 120 112 9
99 106 100 109 112 105 118 121 107 139 119 111 10
119 117 116 118 129 120 118 120 121 123 117 121 15000 11
Chip#1
116 123 114 112 113 110 111 113 108 114 109 117 0
105 106 108 102 105 104 98 102 102 105 103 105 1
113 117 143 138 113 138 147 115 110 118 104 110 2
106 112 503 519 111 463 607 121 153 173 105 107 3
116 123 344 375 119 332 428 121 140 155 112 114 4
100 109 130 125 109 133 152 104 109 112 99 103 5
105 117 427 476 122 476 599 125 160 191 104 110 6
111 118 374 406 116 333 413 117 138 158 111 113 7
107 109 117 114 108 121 136 111 117 132 99 109 8
109 109 115 105 119 379 530 124 369 519 127 114 9
115 117 118 108 118 304 425 128 299 425 126 115 10
118 114 115 113 116 119 122 113 120 127 108 115 15000 11
Chip#2
111 117 115 111 109 114 104 108 116 114 123 124 0
104 112 113 107 109 106 105 110 112 109 119 123 1
103 117 117 115 119 114 105 114 120 118 117 118 2
103 109 106 110 210 279 107 188 246 113 109 113 3
106 117 117 112 311 408 119 303 408 135 116 116 4
98 113 117 111 125 141 103 129 151 111 108 107 5
109 283 324 121 225 279 110 116 122 117 118 118 6
111 323 370 125 377 479 122 127 139 122 117 118 7
109 127 135 111 146 156 105 111 112 113 116 115 8
107 281 321 114 262 292 103 115 119 111 108 111 9
108 359 400 117 396 434 104 123 126 113 108 108 10
117 142 133 112 146 145 109 116 120 117 119 115 15000 11
Chip#3
92 85 93 90 93 93 96 101 91 90 98 110 0
101 96 112 105 107 147 134 109 134 153 104 118 1
105 100 115 114 130 411 398 124 343 409 137 115 2
106 100 111 111 118 317 283 116 273 304 119 118 3
112 104 115 110 108 147 142 117 124 129 110 125 4
106 103 120 113 124 408 414 126 337 387 124 114 5
107 100 125 116 114 299 279 125 302 347 122 122 6
106 97 139 126 115 128 124 113 105 106 109 119 7
118 141 391 343 139 392 350 124 110 111 113 125 8
101 119 324 271 115 323 275 108 101 95 102 110 9
102 101 109 102 107 102 107 104 98 99 98 113 10
124 112 117 111 119 111 109 120 110 110 112 122 15000 11
Chip#4
119 93 116 103 112 102 95 101 96 106 97 104 0
99 109 103 112 123 111 110 113 109 115 104 121 1
99 105 99 111 122 105 100 108 101 113 102 115 2
99 102 99 128 132 107 142 130 105 117 106 112 3
99 100 99 121 126 107 114 117 109 111 100 111 4
99 110 104 114 117 110 107 116 109 113 107 117 5
99 103 99 125 132 107 142 130 107 139 112 114 6
99 107 100 128 129 109 118 123 106 115 107 112 7
99 99 100 100 109 103 102 105 96 110 97 108 8
99 103 99 108 115 106 142 132 106 139 120 109 9
99 107 103 114 116 111 124 129 111 139 122 115 10
103 116 106 116 126 120 112 117 116 118 110 119 15000 11
Chip#1
105 110 104 98 101 97 98 99 99 101 97 105 0
110 113 110 102 108 106 107 108 109 108 109 106 1
113 117 144 136 116 131 148 107 112 116 110 110 2
105 121 504 519 114 472 610 119 150 170 103 105 3
106 118 345 370 112 326 422 110 136 153 106 111 4
106 114 128 126 107 136 155 108 104 114 105 109 5
107 113 428 492 120 476 605 123 153 183 106 110 6
111 117 379 411 123 327 411 114 136 158 105 110 7
105 117 117 120 109 125 134 110 117 135 105 106 8
115 114 115 109 115 384 530 128 375 526 132 111 9
111 117 108 105 107 308 424 122 303 427 122 111 10
109 114 108 104 109 113 122 102 112 126 108 113 15000 11
Chip#2
107 110 113 107 107 108 100 108 111 114 112 118 0
104 108 111 107 109 109 105 112 110 114 114 127 1
103 113 115 106 108 112 102 110 111 111 111 117 2
107 110 117 110 211 283 108 193 255 118 105 111 3
112 117 120 108 306 408 118 299 408 134 105 108 4
109 120 128 115 153 144 108 136 161 117 114 113 5
105 280 325 110 216 276 109 115 119 113 109 112 6
112 319 370 119 370 479 118 124 129 110 112 116 7
103 127 125 110 153 152 103 106 106 110 105 111 8
104 277 320 115 257 291 105 120 120 110 108 117 9
99 363 397 115 409 438 97 121 132 104 105 104 10
111 130 132 110 137 141 102 112 116 111 109 112 15000 11
Chip#3
107 93 108 103 103 94 105 105 99 99 103 117 0
103 100 107 110 106 148 142 108 136 155 108 118 1
108 101 120 115 132 417 398 128 349 415 139 122 2
106 100 116 111 115 322 287 117 272 305 118 121 3
107 100 112 110 114 148 142 120 126 131 108 121 4
101 101 122 114 128 408 414 133 340 388 125 114 5
112 110 125 120 124 299 281 128 307 348 123 127 6
107 107 136 123 114 134 128 112 107 110 110 118 7
103 130 382 332 128 385 344 113 101 103 103 114 8
100 114 323 271 118 322 273 106 99 97 100 114 9
108 105 116 109 110 105 113 112 110 107 105 119 10
133 115 125 122 122 120 119 124 121 118 117 129 15000 11
Chip#4
99 105 102 106 115 107 110 114 109 111 107 117 0
99 97 99 99 105 101 102 99 98 106 99 107 1
99 105 99 109 120 106 106 110 109 111 106 111 2
99 103 99 134 137 109 119 129 106 122 113 114 3
102 110 110 130 136 114 127 130 113 126 117 121 4
99 107 99 112 122 112 110 113 111 114 110 111 5
99 100 99 128 129 107 142 133 106 139 110 112 6
99 107 102 122 129 109 142 121 107 139 109 112 7
99 100 99 103 112 105 106 107 102 111 102 108 8
99 112 99 112 122 115 142 132 106 139 124 115 9
99 105 102 108 116 105 120 121 105 121 114 112 10
106 113 104 109 126 111 112 114 113 121 104 114 15000 11
Chip#1
104 108 101 102 108 104 102 102 98 104 100 109 0
110 112 108 104 115 105 104 108 102 108 105 107 1
107 106 136 126 108 124 141 107 101 111 98 101 2
113 121 513 523 124 470 612 125 158 178 113 115 3
113 117 339 365 115 328 428 117 137 155 108 113 4
101 109 123 121 108 128 154 104 106 111 98 102 5
109 113 423 460 124 476 605 122 156 189 107 113 6
114 123 378 408 122 328 414 122 138 161 113 113 7
111 119 126 121 116 131 148 113 128 146 109 117 8
115 115 117 114 120 388 530 132 376 526 134 119 9
118 114 117 109 120 305 426 132 302 425 124 115 10
111 114 113 105 108 115 111 106 114 120 105 111 15000 11
Chip#2
104 110 110 108 109 109 102 110 108 113 116 121 0
108 115 110 110 108 109 99 111 111 110 113 124 1
113 118 112 112 119 116 103 114 112 114 113 126 2
100 109 110 106 204 282 102 190 246 111 107 111 3
102 108 112 106 303 401 114 293 404 121 103 109 4
115 125 125 119 134 150 109 136 161 119 114 118 5
107 284 324 119 224 282 107 118 124 115 118 117 6
108 322 368 114 367 473 109 121 127 109 109 111 7
109 134 135 114 146 161 107 114 117 111 107 113 8
108 288 326 120 265 294 109 121 126 117 111 115 9
113 370 410 119 402 447 109 125 129 109 111 117 10
109 139 131 112 138 139 104 111 112 108 108 110 15000 11
Chip#3
111 104 115 111 114 102 113 116 103 109 114 131 0
108 105 116 107 110 151 142 116 137 151 112 126 1
107 104 121 118 133 420 398 132 344 416 137 123 2
107 103 116 113 115 314 287 122 270 308 118 117 3
107 101 109 109 108 145 142 106 117 122 102 118 4
109 111 125 119 129 412 414 136 343 397 132 122 5
100 99 106 110 113 287 270 110 293 336 109 111 6
105 100 135 119 111 127 121 113 101 107 104 117 7
107 130 381 334 128 387 345 117 99 102 102 121 8
98 108 324 266 108 323 270 105 91 91 95 105 9
116 110 120 111 111 112 115 118 111 114 112 123 10
133 115 128 120 124 119 121 125 117 115 115 127 15000 11
Chip#4
99 103 102 102 112 112 99 108 105 108 99 109 0
99 103 99 100 113 107 100 104 103 113 100 115 1
99 100 100 102 113 105 104 105 99 112 97 108 2
99 99 100 130 139 110 122 129 102 115 104 108 3
99 105 100 127 130 106 114 121 103 115 107 109 4
99 102 103 108 112 102 99 108 103 106 99 105 5
99 97 99 127 129 105 122 127 101 139 106 109 6
99 106 100 127 132 109 114 123 105 113 106 111 7
99 102 100 97 113 105 103 105 102 110 104 110 8
99 110 107 115 122 114 142 132 106 139 123 117 9
99 109 102 112 119 114 119 126 106 122 116 114 10
109 115 112 114 127 124 114 118 118 121 113 121 15000 11
Chip#1
107 110 104 98 108 104 103 102 102 105 101 105 0
111 113 108 106 105 105 99 104 105 107 105 107 1
104 102 134 132 105 121 141 102 104 109 101 109 2
106 118 505 526 111 470 615 122 153 179 107 109 3
115 113 342 376 122 329 429 119 142 157 111 115 4
110 115 132 129 112 139 154 108 109 118 106 113 5
113 115 433 476 124 478 606 121 164 191 114 111 6
97 104 368 398 109 320 403 111 129 147 106 101 7
107 109 121 120 109 124 136 107 117 136 107 107 8
105 108 110 104 105 370 530 121 369 512 125 109 9
113 115 115 112 118 309 425 123 305 427 125 114 10
107 113 106 104 107 109 114 104 103 114 102 109 15000 11
Chip#2
113 120 120 117 114 119 110 116 115 122 129 128 0
111 110 115 114 110 109 102 108 113 113 119 127 1
100 109 111 102 110 108 98 106 106 105 105 117 2
111 119 123 117 217 285 114 202 246 123 117 121 3
107 112 115 103 302 403 117 300 399 128 109 112 4
112 123 127 117 153 150 110 146 162 118 122 122 5
104 276 314 107 211 270 102 111 111 111 103 110 6
117 323 375 128 381 479 120 133 142 121 118 118 7
107 125 137 107 153 154 104 114 111 106 109 112 8
112 282 327 115 263 292 110 118 125 113 112 110 9
108 364 402 114 409 442 100 124 126 108 105 104 10
117 140 137 117 138 147 104 116 119 119 117 117 15000 11
Chip#3
108 103 109 106 107 98 101 110 103 107 104 119 0
103 94 112 106 111 152 142 113 137 155 109 119 1
101 93 112 109 126 411 378 122 344 403 132 111 2
98 90 106 107 108 313 277 112 270 296 114 113 3
114 100 108 111 114 150 142 114 120 130 109 118 4
111 104 116 116 126 411 414 132 343 392 129 121 5
111 97 120 115 114 294 269 117 298 337 122 119 6
108 100 137 123 108 131 124 110 103 105 107 115 7
111 133 379 330 133 386 341 121 109 105 109 125 8
113 118 328 273 125 327 277 118 103 107 108 122 9
107 99 108 101 107 104 104 106 103 98 100 109 10
129 115 120 117 121 117 117 120 117 115 115 123 15000 11
Chip#4
102 107 103 111 119 116 107 113 110 114 107 115 0
102 100 99 105 113 105 100 99 98 104 94 104 1
99 105 99 105 110 105 102 102 102 108 99 109 2
99 105 99 136 137 113 122 124 102 117 114 114 3
99 100 99 122 126 107 110 116 103 113 106 111 4
99 107 103 103 117 109 103 110 102 111 102 118 5
99 106 99 130 130 114 126 129 106 126 110 112 6
99 110 99 125 129 113 115 118 107 111 107 108 7
99 110 102 112 117 109 108 113 105 113 106 117 8
99 103 99 106 116 107 116 123 101 122 117 107 9
99 105 100 111 122 107 115 120 105 139 119 111 10
108 116 110 114 129 123 111 113 117 115 110 121 15000 11
Chip#1
115 115 108 110 113 115 100 111 105 111 112 113 0
110 109 106 105 108 110 102 103 103 107 108 109 1
115 117 147 142 120 136 154 111 112 119 113 114 2
113 117 504 520 124 476 616 124 149 173 110 107 3
107 115 337 371 112 324 422 110 129 146 106 109 4
107 118 134 129 112 144 155 108 106 116 104 110 5
109 118 422 460 120 476 596 121 148 185 110 109 6
105 113 373 403 115 326 405 114 128 147 107 105 7
109 114 121 122 113 131 144 107 121 139 110 111 8
102 110 105 109 105 373 516 122 364 514 128 109 9
107 110 105 102 113 308 424 122 296 423 122 113 10
116 114 108 108 115 121 118 106 110 124 116 111 15000 11
Chip#2
100 109 108 112 108 110 103 108 108 114 116 117 0
112 114 120 115 117 113 103 114 115 115 124 127 1
109 115 116 117 114 112 105 114 113 115 113 119 2
109 113 115 111 214 285 108 196 246 121 109 113 3
107 112 116 119 306 410 115 303 404 135 112 119 4
108 120 122 110 153 136 105 131 152 114 112 111 5
108 283 318 112 222 272 107 115 121 110 111 115 6
105 323 367 119 371 478 110 120 130 108 112 113 7
115 130 137 119 146 158 107 118 122 115 113 119 8
100 279 317 110 252 282 97 114 116 105 105 111 9
102 359 399 110 397 433 98 119 121 105 106 102 10
113 134 132 112 153 141 102 107 111 109 107 110 15000 11
Chip#3
107 101 106 105 103 101 113 109 101 101 105 122 0
107 107 115 111 111 152 142 114 140 152 112 127 1
107 97 118 113 128 412 398 126 347 414 139 118 2
103 94 112 107 111 314 283 114 270 302 114 114 3
101 93 112 106 107 143 142 105 115 119 102 115 4
103 100 118 113 124 407 398 122 337 389 124 115 5
113 107 125 120 118 302 287 128 306 352 122 125 6
105 99 139 124 113 128 128 112 109 106 107 121 7
103 129 383 334 128 385 344 112 98 101 102 114 8
111 121 334 276 124 326 284 114 105 103 107 121 9
113 110 118 114 113 107 117 113 102 110 107 123 10
119 108 113 109 106 105 109 112 107 106 108 118 15000 11
Chip#4
99 106 100 108 113 106 100 104 103 106 104 111 0
99 107 104 106 117 107 106 107 107 113 106 108 1
99 105 99 105 117 109 102 104 105 109 100 108 2
99 107 102 125 139 107 120 129 105 118 112 112 3
99 106 104 125 132 115 118 127 107 121 113 112 4
99 107 103 108 117 109 106 111 106 110 106 114 5
99 107 106 124 135 110 128 139 110 139 119 117 6
99 109 103 124 130 111 115 123 110 114 113 115 7
99 115 106 114 123 112 142 116 110 139 113 116 8
99 113 107 115 126 116 142 133 111 139 127 117 9
99 102 99 108 116 109 142 124 103 139 114 112 10
113 122 113 115 130 119 119 121 121 125 113 122 15000 11
Chip#1
107 112 106 102 111 109 102 100 104 104 106 109 0
111 117 115 110 116 109 103 107 112 111 108 111 1
111 110 143 134 111 132 145 108 109 112 109 111 2
109 122 504 520 122 476 611 125 156 171 105 110 3
107 116 335 370 109 332 425 111 136 147 106 109 4
113 116 134 129 115 142 156 114 113 123 110 114 5
107 123 430 476 126 476 599 124 162 185 112 114 6
107 113 379 410 116 328 408 115 138 155 110 110 7
107 109 118 118 111 129 136 107 116 135 109 109 8
113 117 117 112 116 384 529 129 378 528 136 119 9
107 116 115 106 111 308 422 122 298 422 124 113 10
107 109 112 108 109 115 118 106 112 119 106 111 15000 11
Chip#2
104 109 108 110 113 109 99 112 111 110 113 119 0
106 115 113 110 109 109 98 108 111 119 117 122 1
111 118 115 114 119 113 105 116 119 118 114 127 2
100 112 108 109 206 274 104 189 230 115 106 112 3
104 107 105 103 301 392 109 291 399 126 101 106 4
101 114 122 110 127 144 102 133 146 115 111 111 5
108 279 321 117 221 274 108 115 115 115 113 111 6
104 314 364 115 365 472 110 120 129 109 106 107 7
100 128 125 109 153 154 98 106 111 110 108 110 8
104 276 314 112 260 288 95 114 117 106 103 106 9
107 369 404 115 409 440 102 124 130 109 106 110 10
109 129 126 106 153 135 99 108 116 113 107 110 15000 11
Chip#3
108 100 108 109 106 100 112 116 103 106 107 122 0
101 97 106 105 104 145 134 113 132 153 105 117 1
105 94 115 113 122 408 398 129 340 409 132 114 2
98 92 106 106 107 303 273 105 270 297 107 106 3
108 108 116 113 113 151 142 118 124 133 107 119 4
96 97 113 106 117 397 385 124 331 379 123 114 5
107 101 118 117 114 294 278 125 297 338 118 115 6
97 90 129 114 99 118 113 105 91 101 96 103 7
105 130 383 334 129 384 340 116 106 103 107 121 8
108 123 324 270 122 329 282 118 99 105 109 118 9
122 112 125 117 118 115 121 122 113 118 119 129 10
127 111 117 113 120 108 115 116 113 113 107 119 15000 11
Chip#4
113 97 99 108 115 107 99 107 103 105 99 105 0
99 103 99 106 116 107 99 107 106 111 100 108 1
99 105 99 102 116 103 99 105 105 108 100 112 2
99 103 99 130 135 106 142 121 101 113 106 109 3
99 109 104 127 138 114 116 127 111 118 114 117 4
99 99 99 99 109 105 99 104 102 104 97 111 5
99 105 100 127 130 106 123 127 105 122 107 115 6
99 110 103 121 129 110 114 120 105 115 110 114 7
99 107 110 111 122 118 108 113 107 111 110 122 8
99 103 102 108 122 114 142 126 110 139 119 112 9
101 113 110 114 127 115 142 129 113 139 124 119 10
108 119 111 114 133 118 114 116 117 122 113 115 15000 11
Chip#1
102 109 104 98 103 105 98 99 95 108 98 103 0
114 117 117 105 111 117 104 111 106 111 109 111 1
113 114 145 136 112 133 150 111 108 116 109 111 2
114 125 504 520 124 469 610 125 154 174 109 113 3
102 112 337 364 112 322 416 110 133 150 100 109 4
100 108 127 124 105 135 148 107 105 118 105 102 5
107 119 420 476 119 476 593 118 153 190 109 110 6
107 110 368 401 120 327 409 115 134 153 105 111 7
102 108 115 113 108 127 134 103 114 131 99 105 8
113 113 114 110 116 377 519 127 364 513 128 114 9
102 109 109 98 107 299 414 119 292 414 118 113 10
110 114 112 104 111 119 115 108 114 124 105 113 15000 11
Chip#2
107 108 115 107 113 112 102 110 117 114 121 119 0
108 115 116 114 115 112 100 108 112 109 117 128 1
103 115 108 107 113 110 97 112 112 110 113 113 2
99 105 106 110 201 279 102 187 246 109 103 110 3
104 110 111 112 304 403 113 303 408 126 108 111 4
109 122 125 114 131 144 104 135 155 115 114 109 5
112 279 326 124 221 272 103 115 117 110 111 107 6
109 311 362 115 367 469 109 116 127 110 109 104 7
100 125 133 114 153 158 100 105 112 106 108 108 8
102 281 319 116 258 294 103 120 121 106 106 106 9
117 376 411 130 409 448 108 132 138 115 116 113 10
109 128 126 109 130 136 97 103 108 109 104 99 15000 11
Chip#3
102 94 109 106 108 97 108 112 101 102 102 122 0
101 99 113 107 104 145 142 109 133 154 103 117 1
96 93 111 109 125 409 382 124 333 400 131 109 2
103 101 120 117 118 316 284 120 270 301 114 121 3
92 89 99 93 91 129 131 96 109 117 90 106 4
97 101 115 110 120 399 386 125 328 384 122 111 5
106 96 118 110 108 291 270 118 292 331 115 119 6
107 103 135 123 110 127 124 109 105 107 104 111 7
106 122 376 325 121 378 333 112 96 95 98 113 8
103 114 321 265 119 314 266 108 101 98 100 115 9
98 92 108 96 99 100 101 102 92 94 93 106 10
122 110 117 111 120 108 113 112 109 110 112 122 15000 11
Chip#4
99 107 100 111 115 110 103 105 106 111 102 112 0
99 106 102 103 110 103 107 104 105 111 104 109 1
99 105 100 102 112 99 102 102 106 111 100 112 2
99 106 103 136 135 109 123 129 106 119 106 117 3
99 105 100 127 133 105 118 121 110 122 110 115 4
99 103 100 106 113 101 102 105 103 110 102 110 5
99 103 99 128 126 102 142 126 102 139 106 109 6
99 102 102 121 127 107 112 117 111 113 107 107 7
99 103 100 112 119 109 107 111 111 115 104 114 8
99 103 100 109 110 107 126 127 107 123 119 112 9
110 117 112 121 126 119 142 132 121 139 132 125 10
110 119 112 121 129 118 118 117 117 139 112 115 15000 11
Chip#1
110 112 112 102 108 108 102 102 95 105 101 109 0
111 113 109 104 111 108 98 106 106 109 103 106 1
104 109 136 128 105 131 141 99 105 111 98 103 2
111 123 510 526 120 476 616 123 156 175 105 107 3
102 114 334 369 112 324 419 113 134 153 108 103 4
111 121 132 130 115 144 154 111 114 116 108 113 5
107 119 433 476 124 476 602 125 158 191 106 110 6
109 110 371 399 118 326 400 110 129 147 101 102 7
114 117 122 125 123 132 141 113 126 140 110 114 8
102 109 102 102 107 374 530 122 370 521 122 107 9
110 109 108 101 112 306 420 121 301 428 118 109 10
114 113 110 105 112 113 115 107 112 119 105 111 15000 11
Chip#2
104 114 115 114 114 114 102 115 110 114 119 124 0
104 105 107 109 106 109 93 106 108 109 112 123 1
102 112 107 106 108 112 100 108 111 105 107 116 2
103 109 115 110 210 286 105 189 246 111 106 115 3
104 110 111 109 306 401 114 298 405 122 106 108 4
102 113 118 107 124 139 99 131 152 108 103 110 5
99 276 322 116 216 271 103 110 115 106 107 110 6
108 318 369 116 366 470 105 120 128 111 108 111 7
109 125 133 114 146 158 107 114 115 113 112 121 8
117 288 332 125 274 303 113 127 128 118 114 124 9
115 373 413 123 402 449 109 132 134 118 116 111 10
108 133 131 111 146 139 98 108 113 114 108 112 15000 11
Chip#3
106 97 106 101 100 97 103 108 96 99 100 117 0
101 94 113 110 107 145 142 112 134 160 108 114 1
107 111 125 118 135 417 398 132 348 420 147 126 2
97 97 111 109 108 311 279 113 270 300 115 110 3
111 101 111 111 115 151 142 112 125 130 109 121 4
108 103 121 113 126 406 398 132 340 391 125 123 5
96 89 103 102 100 280 268 106 286 333 108 106 6
100 89 131 118 110 124 125 105 96 109 100 109 7
105 133 384 338 129 382 344 116 101 107 104 119 8
112 123 333 280 132 334 287 118 107 107 108 122 9
108 107 116 103 113 108 113 110 105 106 105 117 10
129 115 124 113 121 111 117 121 109 113 115 129 15000 11
Chip#4
110 105 99 105 112 107 96 104 99 108 103 108 0
99 109 106 108 113 110 102 107 106 110 103 111 1
99 100 106 105 112 103 99 102 97 106 99 104 2
99 107 99 131 139 109 122 129 103 119 106 108 3
99 103 99 128 133 110 115 118 106 121 109 109 4
99 110 100 111 116 111 104 113 103 113 110 111 5
99 109 103 133 136 107 142 132 106 139 112 114 6
99 109 102 127 135 113 115 121 111 115 109 117 7
99 106 102 111 117 110 107 107 107 111 103 111 8
99 110 103 114 122 115 142 135 110 139 123 117 9
99 103 99 111 115 110 120 118 102 139 117 110 10
99 103 104 106 116 113 107 108 113 113 104 111 15000 11
Chip#1
110 115 109 105 116 115 110 107 110 118 106 117 0
111 118 109 105 113 112 106 111 113 109 106 111 1
114 115 139 137 112 135 151 110 113 118 112 115 2
110 117 507 525 119 476 613 125 154 178 109 109 3
111 118 342 371 119 331 428 114 141 157 108 114 4
109 114 130 129 116 143 159 104 117 115 109 109 5
107 117 429 471 120 479 612 119 160 190 107 113 6
111 114 375 410 122 336 413 119 140 161 110 118 7
109 113 121 118 112 128 141 115 122 139 106 114 8
113 113 110 106 116 383 530 129 375 529 132 114 9
111 114 110 105 113 313 425 123 301 425 126 111 10
109 113 115 105 114 119 119 106 114 122 106 111 15000 11
Chip#2
100 110 108 110 109 110 99 105 113 110 113 118 0
96 105 101 101 102 101 98 100 106 102 106 115 1
95 108 106 102 108 108 93 108 110 101 107 113 2
104 112 116 111 214 282 105 196 255 114 111 115 3
104 113 111 112 309 409 115 303 409 127 107 108 4
103 113 121 110 129 139 100 131 146 106 108 107 5
103 280 321 121 220 273 99 116 117 108 112 108 6
104 319 366 116 370 476 112 123 129 109 113 108 7
107 129 130 114 153 154 98 108 111 109 114 111 8
111 293 324 117 265 296 108 120 128 114 117 117 9
108 374 409 121 409 452 98 128 132 114 117 112 10
109 139 133 116 153 147 107 116 119 115 116 113 15000 11
Chip#3
103 92 106 97 103 94 108 104 94 97 103 115 0
103 96 108 106 107 143 134 106 137 156 105 115 1
106 100 117 109 126 413 398 132 347 420 142 119 2
111 104 115 111 122 316 287 114 270 308 120 118 3
103 94 103 103 100 140 142 109 111 125 100 110 4
114 107 120 115 125 413 414 133 340 402 131 119 5
105 96 116 110 114 291 273 113 294 334 115 109 6
109 104 143 130 117 132 128 112 106 118 108 117 7
109 127 381 337 126 382 341 112 95 102 99 118 8
108 116 328 271 118 321 277 112 98 103 100 111 9
116 108 122 114 115 111 116 116 107 109 113 123 10
126 111 116 107 118 103 112 112 111 107 109 115 15000 11
Chip#4
99 110 103 109 123 114 108 114 107 115 103 119 0
99 107 104 111 119 109 106 108 109 109 99 115 1
99 102 99 105 115 105 102 107 106 106 93 108 2
99 110 103 134 145 113 127 135 110 121 107 117 3
99 107 102 122 133 106 118 121 107 117 106 115 4
99 107 102 114 120 112 106 114 110 115 109 117 5
99 99 100 122 130 99 122 129 101 125 102 108 6
99 103 99 121 127 106 112 117 102 109 99 109 7
99 102 99 105 122 107 103 110 102 109 99 112 8
99 109 106 115 117 113 126 130 111 126 116 115 9
99 107 102 106 122 110 120 127 109 123 113 114 10
106 120 112 119 132 118 116 116 116 139 106 115 15000 11
Chip#1
102 105 110 106 108 104 100 108 103 104 104 105 0
113 117 117 112 118 112 107 113 109 111 108 117 1
111 112 139 133 112 132 142 104 109 112 106 107 2
100 112 510 529 115 473 612 121 148 170 99 102 3
113 114 347 376 120 338 433 113 138 150 108 113 4
109 117 135 133 112 144 159 110 110 122 101 109 5
101 114 433 476 120 479 602 117 154 181 102 115 6
105 112 378 410 122 334 410 115 136 158 105 110 7
104 108 113 116 112 124 134 107 118 136 100 110 8
110 112 116 109 118 384 530 127 375 528 130 113 9
109 115 109 106 112 305 422 124 302 429 124 114 10
107 113 104 105 111 115 115 106 120 124 109 114 15000 11
Chip#2
100 105 107 103 104 101 97 103 108 107 112 113 0
98 103 100 98 104 99 93 103 104 104 107 119 1
107 112 115 108 112 110 102 115 116 117 112 119 2
104 112 111 106 211 284 104 189 246 114 107 110 3
112 120 120 114 318 415 114 311 419 136 121 113 4
112 112 123 111 132 144 104 136 153 111 116 112 5
106 287 325 112 225 277 105 114 113 113 107 111 6
106 328 378 124 380 486 112 123 135 113 112 110 7
117 142 142 121 146 166 112 123 129 123 119 118 8
103 286 330 111 266 294 100 115 117 105 107 111 9
115 380 417 119 409 455 104 131 133 114 119 113 10
116 142 135 119 147 148 105 115 122 122 121 115 15000 11
Chip#3
97 89 108 96 97 90 99 102 92 93 104 111 0
102 95 109 103 104 148 134 109 138 155 105 117 1
113 99 118 115 133 428 414 136 355 421 139 123 2
103 97 112 103 110 317 282 112 270 304 114 118 3
113 96 115 107 110 145 142 120 118 131 109 117 4
102 101 120 113 125 409 398 126 343 398 122 115 5
111 103 116 110 117 298 281 120 301 348 123 121 6
112 99 142 123 108 129 129 114 105 111 108 117 7
100 119 378 331 125 384 342 109 91 94 98 107 8
108 121 333 274 118 326 277 109 95 97 102 114 9
108 97 109 102 103 98 107 104 98 102 103 114 10
133 112 124 117 122 108 120 122 111 115 118 127 15000 11
Chip#4
99 107 100 106 116 106 102 107 106 106 99 112 0
99 109 99 105 116 107 102 105 102 110 104 112 1
99 102 100 109 117 109 103 105 103 113 106 115 2
99 106 103 127 140 106 120 133 97 119 107 115 3
99 102 99 119 123 106 111 118 98 115 104 107 4
99 105 99 103 112 105 99 107 98 108 103 108 5
99 105 104 127 136 109 123 129 103 139 110 112 6
99 112 104 130 133 106 115 118 103 111 109 115 7
99 107 100 105 116 109 104 107 102 110 103 115 8
99 103 102 105 115 109 123 126 102 139 116 112 9
99 103 99 106 117 107 116 118 99 139 112 111 10
109 115 108 121 130 122 110 116 114 139 114 121 15000 11
Chip#1
109 114 112 105 116 106 103 107 104 107 103 111 0
110 112 105 102 107 108 106 103 105 109 102 109 1
116 119 147 147 123 133 147 115 114 115 111 115 2
115 123 528 550 122 481 634 128 162 179 114 111 3
113 117 354 380 122 341 437 117 140 158 110 118 4
107 112 127 126 112 142 156 107 108 118 98 113 5
104 117 464 479 122 490 618 122 161 190 105 113 6
110 122 387 420 123 338 427 118 138 159 109 113 7
107 118 117 122 116 129 142 110 120 143 109 111 8
124 119 119 118 123 402 543 138 389 553 138 119 9
116 117 115 105 115 319 436 125 313 441 127 119 10
116 117 114 106 116 115 123 111 117 124 105 122 15000 11
Chip#2
103 112 113 109 109 106 102 105 112 114 113 121 0
111 114 115 109 113 112 103 106 115 115 117 130 1
102 112 110 110 107 114 97 107 113 113 112 115 2
109 115 121 111 216 291 108 197 255 123 112 119 3
105 112 115 109 311 415 113 308 417 132 109 110 4
103 115 116 106 127 144 103 132 153 111 111 104 5
107 289 334 114 220 282 104 114 124 114 111 113 6
105 329 381 115 381 487 109 123 129 111 106 107 7
103 128 132 111 153 157 103 108 116 111 106 115 8
106 288 334 114 265 298 104 118 117 113 105 111 9
116 383 425 121 410 461 110 132 133 119 114 117 10
100 128 125 103 131 141 95 104 110 111 105 102 15000 11
Chip#3
105 92 104 99 106 94 100 105 95 97 104 113 0
96 89 103 98 97 140 142 106 130 146 100 110 1
98 96 111 106 124 425 398 122 352 424 133 110 2
102 97 112 107 113 322 290 116 277 313 113 117 3
93 89 102 103 103 143 134 106 114 118 99 115 4
107 105 124 122 128 427 430 134 357 406 133 118 5
103 103 115 115 114 302 287 121 307 354 117 115 6
103 100 134 122 111 127 125 110 102 106 105 110 7
102 127 391 343 128 398 354 114 101 97 104 111 8
105 121 341 276 125 332 287 113 102 101 104 113 9
107 100 108 111 108 98 107 109 101 98 105 111 10
118 101 108 106 108 103 111 110 106 105 105 113 15000 11
Chip#4
99 103 99 105 109 105 102 105 101 108 99 107 0
99 100 100 100 113 109 108 108 105 110 102 109 1
99 99 99 103 112 102 104 107 102 109 99 114 2
99 105 99 131 137 114 142 129 103 117 112 112 3
99 103 99 121 136 110 142 120 105 139 113 114 4
99 107 99 109 115 105 100 108 107 109 102 112 5
99 109 103 130 133 106 142 130 109 139 114 112 6
99 107 104 127 127 111 115 120 110 115 107 117 7
99 103 104 109 115 106 104 111 105 113 104 109 8
99 105 102 109 113 109 142 126 105 139 117 114 9
102 104 104 114 120 115 142 130 110 139 123 114 10
106 110 104 112 120 114 111 111 113 115 110 111 15000 11
Chip#1
111 115 113 102 111 110 106 110 109 112 106 113 0
114 121 114 106 112 113 106 107 112 114 109 111 1
115 117 150 142 116 139 156 110 112 120 109 117 2
106 126 542 561 113 487 656 127 154 177 101 110 3
111 121 363 391 120 349 457 114 140 149 105 113 4
107 112 135 133 116 150 159 111 113 118 101 113 5
104 117 457 494 122 506 640 122 160 189 102 109 6
104 108 393 423 115 349 430 114 136 154 103 105 7
105 108 117 112 107 124 133 106 114 132 101 101 8
105 112 112 101 109 402 549 135 392 554 128 110 9
102 110 108 99 105 319 446 127 312 444 121 111 10
111 121 117 109 118 119 123 110 117 127 109 117 15000 11
Chip#2
112 122 118 112 115 117 108 115 120 118 122 128 0
107 118 113 112 114 112 103 108 117 113 119 127 1
107 114 111 116 115 116 99 111 120 111 109 123 2
101 112 110 108 220 290 104 203 255 114 103 111 3
108 119 115 114 322 433 117 320 438 130 106 115 4
108 115 123 111 130 144 104 135 155 117 109 111 5
107 297 342 117 226 289 104 115 122 110 109 112 6
102 335 385 114 388 503 102 115 126 102 103 109 7
107 124 125 111 141 162 100 108 113 111 105 111 8
111 302 349 119 280 311 107 118 127 114 106 112 9
108 394 434 120 419 478 113 125 135 114 109 112 10
112 134 133 112 141 141 104 110 116 115 109 110 15000 11
Chip#3
102 94 108 103 111 95 101 110 99 103 109 118 0
103 97 112 110 104 151 142 114 137 162 112 121 1
101 93 111 110 133 449 430 128 371 445 136 111 2
108 105 126 119 118 340 308 126 294 334 123 122 3
107 96 107 103 103 143 142 108 114 125 98 111 4
105 104 126 122 132 444 430 134 365 429 133 117 5
101 93 113 107 111 308 287 114 315 362 114 107 6
114 105 148 128 120 132 134 118 107 113 114 119 7
100 125 405 354 125 412 367 110 92 99 104 110 8
111 125 351 295 129 349 295 118 105 106 105 114 9
108 105 112 113 108 104 111 113 99 105 108 115 10
118 107 111 109 110 105 107 105 105 109 107 110 15000 11
Chip#4
106 96 99 108 110 102 102 102 101 108 96 111 0
99 105 102 111 117 110 100 110 109 109 100 112 1
99 100 100 111 115 106 103 105 109 110 96 109 2
99 107 100 139 139 106 130 132 106 123 109 115 3
99 100 103 124 129 107 119 124 107 118 106 111 4
99 100 104 111 116 110 108 111 105 109 103 112 5
99 103 99 136 133 110 124 133 103 126 104 117 6
96 100 99 118 120 102 111 116 102 108 97 104 7
99 105 103 111 117 111 107 110 113 111 102 114 8
99 103 106 114 117 110 142 127 109 139 119 112 9
99 112 106 121 127 118 142 129 118 139 123 118 10
108 112 111 111 126 115 112 111 111 115 102 114 15000 11
Chip#1
118 119 113 112 115 113 109 108 114 112 113 118 0
116 114 115 109 118 113 111 110 113 111 106 110 1
114 114 149 149 119 137 152 113 114 115 104 114 2
110 126 577 592 126 519 700 131 160 179 113 113 3
111 118 376 409 122 364 480 115 136 154 106 113 4
104 112 131 132 109 143 162 106 112 112 103 105 5
109 121 474 523 127 538 683 128 162 193 109 113 6
110 116 418 452 119 367 457 114 130 157 106 107 7
110 113 122 121 113 131 145 106 121 138 104 110 8
115 118 117 110 122 427 584 135 418 592 137 115 9
114 117 109 108 120 338 474 128 334 476 127 115 10
113 115 110 101 111 116 121 108 113 120 108 114 15000 11
Chip#2
103 113 113 108 112 113 100 107 117 109 113 123 0
111 125 117 119 120 119 107 119 125 123 123 134 1
103 114 110 106 108 109 98 111 119 110 109 113 2
100 107 108 103 227 303 100 202 260 113 103 105 3
100 112 110 107 335 452 112 326 459 123 106 104 4
109 120 122 111 129 150 107 138 164 111 112 113 5
108 310 357 121 237 308 102 120 121 117 109 115 6
107 360 417 125 403 537 118 128 134 114 109 112 7
103 124 125 109 146 157 98 104 110 108 102 110 8
113 319 362 123 288 332 110 124 128 118 116 117 9
112 422 455 121 442 500 100 123 132 111 107 108 10
117 133 135 114 180 150 104 111 116 113 113 111 15000 11
Chip#3
105 93 104 106 103 91 108 109 95 101 99 114 0
100 100 113 107 107 160 142 109 140 163 105 119 1
97 94 115 110 129 484 449 125 399 481 141 111 2
113 110 120 115 122 372 331 124 314 356 122 126 3
107 97 109 113 107 150 142 117 118 130 105 114 4
102 93 112 111 121 466 458 129 389 458 131 109 5
100 96 112 113 110 330 308 118 340 396 117 114 6
101 93 139 127 111 131 128 110 106 109 104 115 7
112 137 455 395 140 450 414 125 105 106 112 121 8
101 115 373 309 121 370 313 105 95 99 98 110 9
106 97 115 109 106 100 109 106 96 105 105 119 10
122 108 117 113 119 104 109 113 106 113 113 121 15000 11
Chip#4
99 113 103 114 122 114 110 111 109 118 110 115 0
99 97 103 103 103 99 100 104 105 104 100 105 1
99 100 103 111 115 103 106 111 101 113 103 111 2
99 99 99 131 136 109 142 127 107 117 104 112 3
99 93 99 116 125 99 108 120 101 111 103 102 4
99 107 103 115 126 113 111 108 111 113 106 117 5
99 105 100 134 142 109 142 136 111 139 116 115 6
99 103 99 125 129 107 110 120 101 110 107 110 7
99 103 103 109 116 106 104 110 105 109 103 115 8
99 102 106 112 119 110 132 129 113 139 126 115 9
99 106 107 115 120 113 122 129 111 139 123 114 10
102 110 106 115 122 116 111 111 114 113 107 114 15000 11
Chip#1
114 114 114 110 115 113 110 110 110 114 110 117 0
115 122 113 113 116 117 110 115 116 116 113 113 1
106 102 147 140 107 133 154 100 97 109 102 105 2
110 121 627 653 123 570 786 125 158 185 112 107 3
109 125 412 460 115 402 530 122 141 158 109 115 4
115 119 140 147 118 158 178 118 117 127 113 118 5
107 122 520 578 126 597 759 127 160 190 110 111 6
109 118 457 499 126 405 509 119 138 165 109 113 7
110 117 122 122 115 136 148 113 126 149 106 111 8
113 118 112 108 116 458 640 135 464 646 137 115 9
111 113 109 102 116 365 513 132 359 521 125 113 10
116 118 113 114 115 116 123 111 120 127 109 117 15000 11
Chip#2
103 112 108 105 109 109 98 107 111 109 117 122 0
109 115 117 114 110 113 104 107 119 114 119 129 1
98 103 111 105 104 108 93 107 107 104 106 115 2
103 112 117 109 247 337 104 216 282 115 107 116 3
109 119 116 110 364 494 125 361 502 136 111 116 4
104 118 122 111 127 146 104 135 164 108 108 112 5
108 338 391 116 256 329 108 118 124 113 114 113 6
112 383 457 119 441 585 120 131 134 113 116 116 7
109 145 141 117 150 180 107 115 119 113 112 119 8
109 339 395 123 316 354 108 121 124 111 109 115 9
119 447 503 128 492 553 114 132 137 118 116 121 10
112 139 133 111 153 145 99 108 117 111 111 110 15000 11
Chip#3
103 101 109 106 110 97 99 109 99 102 105 122 0
102 99 112 110 106 165 158 109 150 180 109 119 1
107 101 116 118 147 546 522 141 464 558 154 122 2
103 103 117 111 118 409 365 122 344 397 120 117 3
100 97 109 107 113 161 142 113 124 135 104 115 4
106 103 115 115 132 533 524 136 448 519 134 117 5
107 107 121 111 117 386 355 122 392 454 119 114 6
108 99 147 127 107 138 131 108 105 114 104 109 7
97 130 487 431 133 501 447 110 91 94 99 111 8
106 129 428 340 121 418 354 114 103 98 103 109 9
107 103 120 111 107 110 105 116 106 103 110 121 10
126 110 120 115 124 110 113 120 110 114 113 118 15000 11
Chip#4
102 97 106 103 110 103 99 96 101 104 99 107 0
99 102 99 106 112 105 102 102 105 112 99 114 1
99 105 104 106 119 110 106 105 107 115 104 112 2
99 105 99 131 135 110 142 132 103 115 107 111 3
99 102 100 122 137 106 118 121 105 117 107 112 4
99 103 102 112 115 111 107 107 103 114 109 115 5
99 97 99 131 135 107 142 135 110 129 109 107 6
99 99 99 125 126 110 111 117 103 108 106 111 7
99 105 103 109 110 109 108 110 107 110 106 114 8
101 107 106 116 123 115 142 133 114 155 133 115 9
99 109 106 112 117 115 142 121 107 139 122 115 10
102 112 102 105 117 118 107 104 114 117 106 114 15000 11
Chip#1
111 117 110 109 112 110 109 108 106 111 113 113 0
102 112 105 99 103 104 98 102 104 105 105 105 1
115 119 167 156 120 150 175 113 120 120 107 113 2
109 125 713 741 122 650 888 135 158 178 109 109 3
113 122 461 508 123 451 588 123 136 155 110 115 4
109 115 143 142 116 162 183 111 110 118 106 109 5
105 117 581 641 119 676 860 125 158 186 104 107 6
104 112 509 554 119 450 557 117 134 153 105 106 7
113 119 128 132 119 139 158 119 130 154 110 110 8
106 113 109 109 116 505 722 136 500 730 141 109 9
102 114 104 105 108 401 563 127 395 586 126 107 10
111 114 109 108 113 120 123 113 120 128 114 115 15000 11
Chip#2
109 110 115 107 108 114 104 114 113 111 122 127 0
108 114 113 107 110 109 104 114 116 118 117 133 1
106 105 107 107 112 109 97 104 113 107 107 118 2
111 118 112 112 273 375 109 233 315 115 114 118 3
106 115 113 108 402 558 123 402 545 131 106 110 4
115 128 128 121 146 167 109 154 178 118 116 116 5
116 380 444 126 285 377 115 124 126 118 116 118 6
111 422 503 123 502 671 117 125 132 111 107 111 7
108 143 144 114 150 184 107 115 120 114 111 117 8
111 377 439 117 346 391 105 115 120 110 107 112 9
119 498 556 131 560 629 117 125 135 115 113 115 10
117 144 137 111 146 158 104 108 120 110 112 112 15000 11
Chip#3
113 103 104 109 114 110 109 116 107 110 109 123 0
116 100 115 114 110 196 174 113 170 199 115 125 1
113 105 117 120 151 674 638 149 547 682 172 119 2
106 101 115 114 122 497 443 125 424 478 122 117 3
107 96 104 106 106 174 158 112 133 145 105 111 4
109 112 125 124 144 658 654 150 532 645 153 122 5
105 93 108 110 114 450 444 125 473 539 123 106 6
97 92 152 128 106 140 142 109 101 105 96 110 7
111 155 597 513 154 607 550 124 102 106 108 119 8
105 132 497 407 132 509 430 120 105 103 104 109 9
109 99 115 111 113 107 109 114 106 103 105 115 10
136 112 113 114 122 114 115 117 113 111 113 122 15000 11
Chip#4
102 102 102 108 112 110 103 107 102 106 96 111 0
99 100 99 105 112 105 102 102 101 109 99 110 1
99 100 99 105 116 103 107 104 102 113 103 108 2
99 107 99 143 148 110 142 142 107 117 114 110 3
99 97 99 122 139 99 142 127 102 111 107 108 4
98 106 99 106 117 106 103 110 106 106 106 108 5
99 107 102 143 142 109 158 148 107 139 116 118 6
99 107 100 131 135 109 118 129 106 113 109 110 7
99 107 103 112 116 110 107 110 106 113 107 115 8
99 102 99 105 113 105 142 129 103 139 124 108 9
99 106 106 114 117 110 134 132 111 131 124 119 10
113 122 113 116 127 122 118 117 121 139 112 119 15000 11
Chip#1
111 115 109 104 111 104 102 110 106 107 105 106 0
118 117 117 108 116 113 109 111 109 114 106 117 1
115 118 170 160 116 151 178 108 113 118 106 109 2
114 129 830 869 127 758 1042 136 157 178 108 109 3
111 119 530 585 126 502 677 128 142 157 113 113 4
113 118 144 142 113 172 200 114 113 116 105 107 5
114 123 684 752 131 797 1022 139 168 193 110 111 6
107 122 587 644 131 505 654 125 133 163 109 109 7
109 110 122 124 112 139 160 114 125 153 109 110 8
111 112 110 109 112 582 845 146 584 847 149 107 9
110 115 110 106 111 467 658 136 464 682 134 111 10
114 118 114 108 119 124 125 114 124 134 112 118 15000 11
Chip#2
103 110 113 110 112 105 98 107 108 114 121 127 0
116 120 118 115 114 117 107 116 112 117 127 141 1
102 105 108 108 114 113 99 105 111 108 104 116 2
105 113 108 111 302 430 104 243 353 115 107 113 3
98 114 107 107 464 655 119 460 642 135 107 108 4
113 128 135 121 148 179 112 161 192 121 123 122 5
107 422 487 121 318 423 108 114 116 113 109 110 6
109 488 581 128 594 800 119 120 132 109 112 112 7
109 149 145 116 161 195 109 111 117 110 111 117 8
111 405 503 120 422 457 108 118 119 111 111 113 9
111 581 652 123 683 740 105 125 126 111 111 108 10
109 153 145 115 151 166 103 108 111 109 107 112 15000 11
Chip#3
106 99 108 105 104 98 104 109 101 102 107 122 0
101 99 111 106 111 211 190 116 183 229 110 121 1
107 100 120 115 163 845 782 161 691 840 182 125 2
102 97 117 109 128 607 550 128 525 597 128 115 3
106 94 111 111 114 199 174 116 142 158 107 117 4
108 108 124 126 155 823 798 164 670 786 161 121 5
97 100 115 113 122 551 526 134 572 683 134 118 6
106 103 167 151 117 158 142 116 113 109 109 115 7
107 170 730 642 162 763 686 124 102 103 110 119 8
109 155 636 499 151 632 536 128 106 113 113 121 9
121 111 127 119 117 112 123 114 107 113 108 122 10
127 112 116 113 115 108 115 121 114 113 112 123 15000 11
Chip#4
99 106 106 114 119 111 107 110 107 114 104 115 0
99 107 104 109 113 109 104 110 107 112 103 112 1
99 106 100 115 125 110 111 116 111 115 112 122 2
99 96 99 153 147 99 158 140 103 115 104 109 3
99 100 99 139 136 102 142 132 103 139 106 109 4
99 113 106 116 119 111 112 117 113 117 110 117 5
99 103 99 150 139 105 158 149 111 139 110 119 6
99 100 99 143 136 105 126 126 103 117 103 109 7
99 103 99 103 110 105 102 104 99 108 97 108 8
99 105 103 105 115 110 142 145 107 155 139 115 9
99 106 102 111 113 110 142 136 111 139 124 115 10
106 117 108 119 132 120 120 117 122 139 112 126 15000 11
Chip#1
111 113 105 105 104 98 99 107 97 108 102 107 0
116 114 112 112 116 113 110 111 114 116 110 117 1
105 112 183 173 112 159 201 108 106 114 107 110 2
107 126 1014 1021 127 919 1263 147 145 174 109 111 3
119 127 637 716 138 602 833 136 145 163 116 118 4
110 113 160 157 111 182 220 111 113 120 109 110 5
109 118 806 902 132 956 1229 142 157 191 109 109 6
120 132 713 778 141 606 796 138 146 166 121 119 7
118 121 134 140 123 158 183 121 138 178 114 117 8
109 118 118 110 117 699 1012 151 720 998 161 115 9
104 109 108 102 112 524 775 138 521 799 137 106 10
113 114 109 106 112 125 132 110 120 138 112 117 15000 11
Chip#2
104 108 115 116 114 112 102 105 111 113 125 129 0
100 108 108 107 107 103 95 100 103 102 118 132 1
98 112 112 114 117 118 104 107 116 111 112 130 2
105 115 118 115 362 520 118 290 422 119 111 113 3
107 115 122 114 564 805 131 551 783 146 109 110 4
108 132 128 121 146 188 109 164 211 114 112 111 5
108 502 607 129 376 514 118 123 120 114 114 118 6
109 593 711 130 714 964 130 124 132 111 108 110 7
111 150 160 124 181 207 112 118 119 117 117 121 8
104 504 611 120 469 547 103 118 117 109 105 110 9
113 708 784 126 785 908 108 120 126 108 104 106 10
119 150 161 121 167 184 108 116 122 115 113 113 15000 11
Chip#3
106 101 108 111 114 102 116 116 111 107 109 121 0
109 100 118 113 117 253 208 120 214 255 119 126 1
106 99 112 111 176 1039 959 161 839 1032 195 115 2
114 111 122 118 139 761 714 141 632 745 144 126 3
106 97 111 110 117 228 197 120 152 176 105 117 4
107 103 120 114 159 1017 982 168 813 983 166 110 5
106 99 115 115 126 680 654 138 713 834 139 115 6
97 92 179 149 108 168 158 112 101 103 99 107 7
108 198 920 787 178 952 837 132 103 105 107 114 8
114 162 762 614 161 776 670 128 106 111 112 115 9
117 110 120 114 108 112 116 112 103 106 108 113 10
128 114 118 111 115 107 116 114 105 109 109 115 15000 11
Chip#4
99 99 99 109 115 106 103 101 98 109 100 107 0
99 105 99 106 115 107 104 105 101 109 97 112 1
99 105 100 108 117 106 107 110 103 111 100 111 2
99 97 99 163 160 106 158 153 102 113 104 108 3
99 97 99 140 153 107 130 136 105 114 106 108 4
99 112 104 114 120 111 112 121 110 113 109 117 5
99 96 104 155 149 101 158 153 99 117 102 105 6
99 105 102 149 146 109 142 138 105 114 106 112 7
99 105 102 109 116 110 108 111 105 111 100 109 8
99 109 104 114 119 114 158 153 109 155 148 117 9
99 115 102 105 119 106 142 140 109 139 134 112 10
102 112 103 109 119 111 111 108 109 113 106 109 15000 11
Chip#1
121 125 118 112 123 119 117 115 110 119 113 119 0
105 112 106 105 105 105 99 110 105 112 109 106 1
115 121 201 204 116 177 228 117 110 118 106 114 2
113 132 1264 1284 138 1152 1573 161 158 182 109 111 3
109 123 767 857 124 737 1024 136 132 157 105 106 4
110 114 176 176 113 207 256 114 109 116 109 113 5
111 129 1025 1110 143 1205 1561 158 166 199 114 113 6
104 118 853 948 131 736 969 127 134 155 105 107 7
109 115 138 137 115 162 195 117 141 185 109 106 8
110 109 114 109 113 854 1254 166 837 1239 173 113 9
115 126 117 114 124 657 978 161 654 983 162 122 10
107 109 106 98 111 121 128 106 117 136 102 113 15000 11
Chip#2
112 119 117 112 115 110 103 111 113 114 134 144 0
112 120 118 117 123 125 109 118 124 117 135 155 1
103 119 112 111 113 118 102 116 125 109 117 128 2
105 119 112 119 419 637 118 337 511 128 108 121 3
107 119 115 114 678 976 140 677 977 156 111 110 4
105 130 133 115 158 196 108 180 230 117 108 113 5
112 615 759 129 448 622 117 119 125 114 114 110 6
128 750 887 148 921 1224 145 137 146 126 119 123 7
111 150 167 120 199 234 105 120 124 115 116 117 8
116 623 743 130 580 680 117 120 126 114 111 113 9
111 885 985 131 985 1126 108 123 124 102 105 107 10
117 166 173 124 184 196 113 119 122 119 116 116 15000 11
Chip#3
106 97 109 107 108 102 107 116 103 110 113 121 0
107 97 111 105 107 271 222 114 226 267 112 119 1
107 103 117 115 191 1234 1182 174 1025 1272 203 121 2
111 111 120 118 141 907 808 142 767 879 157 130 3
111 103 116 118 121 263 222 120 170 195 113 123 4
102 107 121 120 176 1207 1192 180 999 1189 184 117 5
101 99 115 118 139 820 773 144 848 1016 152 113 6
103 104 204 167 115 195 174 120 111 119 109 111 7
102 204 1090 940 191 1110 990 129 96 99 97 113 8
98 163 915 722 155 926 757 120 95 101 102 113 9
114 108 124 115 114 112 115 116 105 106 113 119 10
131 111 121 114 124 110 116 114 113 114 115 118 15000 11
Chip#4
99 106 106 109 119 103 106 107 107 115 104 115 0
98 100 100 103 109 102 102 101 105 110 99 107 1
99 105 100 108 119 106 108 107 106 110 99 107 2
99 105 99 178 177 111 174 161 106 118 110 115 3
99 110 99 159 160 112 158 153 114 139 114 115 4
99 106 100 108 113 105 108 110 103 105 103 109 5
99 103 103 169 162 110 174 154 106 139 106 115 6
99 99 102 150 143 102 142 136 105 114 97 108 7
99 103 102 109 116 106 104 110 106 117 106 111 8
99 103 100 106 115 107 158 153 113 155 156 112 9
99 106 104 112 120 111 158 149 109 155 144 114 10
109 119 113 119 130 120 119 126 121 139 119 125 15000 11
Chip#1
114 117 110 102 112 110 104 104 105 108 107 110 0
123 125 117 109 122 115 113 115 109 120 113 113 1
115 121 225 220 122 199 264 115 113 114 110 115 2
114 143 1516 1555 143 1388 1907 172 161 181 114 113 3
111 127 922 1010 134 888 1225 140 140 161 112 111 4
110 117 179 187 120 223 274 115 114 123 112 111 5
111 130 1225 1327 158 1456 1860 165 166 197 114 109 6
110 123 1052 1120 158 886 1174 142 140 162 109 111 7
120 129 156 157 128 189 234 128 162 213 122 122 8
111 121 117 112 120 1030 1517 178 1020 1506 193 115 9
120 126 121 116 126 782 1163 172 774 1182 177 121 10
107 112 113 104 118 135 144 111 128 149 109 119 15000 11
Chip#2
100 114 108 111 108 110 103 105 113 118 133 140 0
113 125 121 124 118 119 110 123 120 125 134 160 1
101 109 108 106 112 119 93 107 111 106 111 128 2
108 118 116 115 497 764 119 397 595 128 112 119 3
107 118 112 114 824 1220 147 820 1186 169 113 108 4
108 134 143 121 170 210 112 206 246 118 118 116 5
111 739 898 129 534 753 117 119 124 114 116 107 6
120 893 1064 142 1081 1485 145 133 135 114 112 113 7
104 150 171 110 205 254 107 107 111 106 106 107 8
121 756 911 144 686 820 118 128 132 117 121 118 9
123 1077 1204 143 1188 1378 119 131 133 114 112 111 10
115 182 179 111 195 204 104 112 117 110 108 105 15000 11
Chip#3
111 99 111 109 110 105 112 121 107 105 110 122 0
101 96 106 107 110 281 244 114 250 299 112 119 1
107 103 116 119 204 1423 1345 197 1182 1457 221 119 2
108 104 120 117 147 1031 926 142 856 1008 153 125 3
109 96 107 113 119 271 230 114 168 204 103 114 4
105 103 122 120 189 1413 1386 197 1151 1369 198 117 5
97 92 112 111 135 942 882 144 972 1152 148 106 6
105 104 215 178 122 214 174 114 114 119 104 115 7
106 211 1251 1078 196 1291 1166 134 101 102 103 115 8
106 178 1041 830 170 1033 880 122 102 99 99 111 9
119 112 130 119 121 120 117 120 110 107 113 119 10
134 112 117 120 125 107 113 120 115 114 115 125 15000 11
Chip#4
99 102 102 106 115 111 107 111 109 115 100 114 0
99 105 99 108 113 103 103 107 103 112 100 114 1
99 102 99 108 115 110 107 108 101 109 100 110 2
99 102 100 179 176 107 174 161 102 111 100 107 3
99 97 100 150 156 101 142 151 106 111 100 104 4
99 106 100 112 119 107 110 114 106 109 102 115 5
99 105 108 178 166 110 161 164 107 139 110 112 6
99 105 99 161 156 109 162 146 111 113 104 111 7
99 105 99 108 113 113 108 116 103 113 102 108 8
99 106 104 106 115 107 174 161 105 171 155 114 9
99 113 110 119 120 119 174 161 113 171 153 119 10
103 107 110 109 126 116 110 113 109 114 104 108 15000 11
Chip#1
119 122 119 113 120 120 114 121 112 122 116 118 0
120 117 112 108 118 119 110 114 108 115 110 111 1
115 115 241 223 116 215 274 110 108 116 106 113 2
114 145 1774 1829 158 1612 2242 183 161 181 112 110 3
113 128 1095 1189 158 1034 1428 148 145 162 110 117 4
119 123 201 220 130 250 310 127 122 130 116 122 5
116 134 1430 1564 158 1700 2204 178 170 198 114 118 6
105 123 1225 1311 158 1039 1371 138 136 158 106 110 7
111 117 153 164 118 189 244 121 161 214 109 114 8
114 119 119 114 127 1203 1766 196 1198 1770 210 119 9
114 119 119 114 120 903 1353 180 889 1376 178 119 10
115 117 114 109 111 142 147 121 138 162 116 130 15000 11
Chip#2
111 117 117 114 113 114 105 115 119 125 143 152 0
108 114 112 111 113 108 103 110 116 115 130 163 1
103 117 117 112 125 130 102 121 125 114 118 143 2
112 119 126 121 582 894 132 453 700 141 113 126 3
102 117 115 119 956 1411 163 954 1391 180 112 112 4
113 145 150 121 183 233 113 219 278 126 116 117 5
113 863 1042 138 625 879 125 127 127 118 117 119 6
119 1039 1245 143 1257 1749 157 129 134 114 116 112 7
111 166 192 124 242 291 114 116 121 115 111 118 8
116 872 1050 139 798 947 118 121 126 113 111 115 9
127 1252 1404 153 1393 1606 126 131 130 118 113 112 10
121 182 191 117 220 225 109 111 125 118 114 116 15000 11
Chip#3
114 100 106 107 108 103 109 113 107 114 113 125 0
107 99 111 113 121 314 266 117 269 328 120 122 1
112 105 122 122 204 1598 1516 201 1310 1634 238 122 2
114 108 120 120 154 1126 1025 149 967 1115 163 121 3
101 95 107 103 114 280 256 109 178 217 105 107 4
111 110 127 126 204 1586 1568 203 1294 1529 201 121 5
108 99 121 118 148 1032 985 154 1094 1279 167 113 6
107 105 216 194 126 231 190 118 120 123 109 119 7
107 235 1418 1234 220 1455 1289 137 106 107 112 118 8
114 197 1177 935 184 1177 988 136 110 110 113 122 9
127 116 139 124 128 127 131 122 111 113 119 126 10
128 103 115 110 114 107 111 113 109 105 108 113 15000 11
Chip#4
99 110 102 112 116 109 107 110 107 111 106 108 0
99 109 103 109 113 105 108 107 110 111 103 115 1
99 105 99 108 117 107 108 111 103 111 97 111 2
99 96 99 179 183 103 190 154 101 115 102 108 3
99 97 100 159 165 107 158 152 107 114 109 114 4
99 100 99 108 113 103 108 108 106 112 106 110 5
98 96 99 177 165 103 167 160 103 126 104 111 6
99 103 102 166 159 109 168 153 105 108 104 111 7
99 102 104 108 113 105 104 110 105 110 106 109 8
99 105 107 112 113 109 174 161 106 187 163 112 9
99 112 100 112 117 110 158 153 109 155 158 114 10
106 113 111 114 127 111 114 113 116 119 110 117 15000 11
Chip#1
111 118 112 105 112 109 103 107 105 108 105 110 0
120 123 115 114 119 117 115 119 116 116 113 114 1
123 123 269 249 122 226 298 118 112 122 110 118 2
115 145 2026 2059 158 1817 2555 194 158 178 111 110 3
119 138 1231 1346 146 1178 1610 161 146 165 113 115 4
114 125 205 220 123 269 334 124 112 123 110 115 5
118 140 1617 1779 158 1937 2527 187 166 199 117 118 6
110 132 1379 1493 158 1185 1554 147 141 159 110 113 7
113 118 153 171 122 203 264 121 168 215 116 110 8
116 123 118 114 124 1362 2006 202 1350 2007 221 121 9
124 129 121 116 128 1032 1561 191 1017 1570 203 126 10
115 118 115 106 113 140 160 115 138 161 118 122 15000 11
Chip#2
116 120 116 115 121 115 104 115 120 127 151 161 0
108 112 115 111 113 110 103 115 117 111 135 175 1
112 124 121 124 132 135 110 125 133 121 127 152 2
113 115 117 120 644 985 126 492 772 131 113 121 3
116 128 126 128 1101 1618 178 1062 1580 204 124 122 4
116 140 153 121 189 251 115 232 305 117 111 116 5
120 980 1192 145 687 975 125 123 132 122 114 118 6
115 1178 1411 147 1469 2037 159 132 132 113 111 116 7
112 182 199 121 258 313 113 120 117 118 109 117 8
113 986 1192 139 895 1051 119 123 125 115 107 112 9
130 1434 1585 154 1582 1837 130 132 135 118 109 115 10
117 200 203 117 231 241 108 111 117 119 111 112 15000 11
Chip#3
105 97 109 110 111 102 111 113 107 105 112 121 0
103 96 106 106 107 329 277 121 270 351 113 121 1
103 97 112 113 204 1729 1636 197 1421 1784 243 113 2
101 94 113 110 152 1221 1100 144 1038 1208 161 113 3
107 96 108 113 120 304 269 118 191 226 107 111 4
109 100 124 118 204 1724 1691 203 1386 1667 201 117 5
105 94 113 117 141 1116 1068 153 1187 1390 168 111 6
109 104 227 192 125 238 206 124 120 118 112 115 7
106 231 1535 1309 220 1574 1422 137 94 98 102 107 8
109 193 1256 1052 183 1288 1064 126 107 103 105 113 9
112 101 122 111 107 117 115 112 98 99 105 110 10
144 122 124 119 125 117 120 125 121 121 117 126 15000 11
Chip#4
99 105 99 108 110 105 100 104 105 110 99 111 0
99 100 99 100 112 103 103 101 101 112 99 115 1
99 103 99 111 115 103 103 107 107 114 102 112 2
99 100 99 179 186 103 158 157 99 113 102 105 3
99 97 99 166 163 105 160 153 103 114 106 109 4
99 102 99 109 107 101 103 110 103 105 100 107 5
99 102 100 179 175 110 174 170 110 126 104 114 6
99 102 103 172 167 110 175 153 113 118 109 118 7
99 100 103 102 106 99 100 102 103 108 99 102 8
99 103 99 116 123 111 160 161 109 171 172 118 9
101 110 106 115 119 111 160 153 110 171 156 121 10
112 116 111 118 125 122 120 120 121 139 114 121 15000 11
Chip#1
116 122 115 114 117 117 113 115 113 118 110 114 0
120 117 118 113 120 117 115 113 113 119 109 114 1
121 125 285 263 124 237 317 119 118 120 109 118 2
119 154 2249 2297 158 2026 2857 204 165 189 113 113 3
111 125 1347 1528 158 1287 1775 155 138 155 104 109 4
114 121 220 226 126 287 362 125 114 127 112 115 5
115 136 1789 2016 158 2163 2793 188 166 191 117 114 6
114 132 1519 1658 174 1312 1730 161 146 169 112 119 7
116 127 167 181 134 220 274 131 192 239 117 123 8
118 114 118 117 133 1500 2230 211 1490 2227 234 117 9
114 121 118 110 128 1124 1694 199 1120 1758 201 119 10
120 115 119 114 126 140 167 124 150 174 118 126 15000 11
Chip#2
112 119 121 117 114 118 108 111 117 127 148 163 0
108 115 117 116 113 117 104 110 120 118 141 180 1
111 120 121 128 129 135 110 124 130 126 124 154 2
108 120 112 119 695 1092 133 540 852 139 116 123 3
111 122 126 128 1200 1793 181 1171 1753 206 117 117 4
111 147 151 124 202 271 114 234 322 123 116 111 5
112 1075 1302 146 746 1076 120 118 122 110 111 111 6
127 1307 1566 163 1606 2267 176 140 146 122 121 121 7
112 191 213 126 276 344 118 119 120 115 109 116 8
119 1087 1304 146 983 1168 123 125 125 113 113 117 9
138 1560 1769 167 1750 2033 130 135 142 117 109 116 10
124 212 199 133 258 267 118 119 128 125 119 123 15000 11
Chip#3
107 103 113 109 118 107 111 116 113 107 112 127 0
101 100 111 110 113 347 293 122 278 365 119 123 1
106 107 125 122 213 1867 1751 203 1550 1897 266 121 2
109 108 122 123 162 1322 1198 160 1116 1281 171 119 3
102 97 108 110 125 313 286 121 199 234 109 107 4
109 103 124 124 196 1858 1823 203 1488 1784 211 118 5
101 95 116 113 148 1195 1139 157 1277 1492 171 107 6
108 100 238 202 129 247 193 120 125 123 112 118 7
101 249 1649 1410 213 1685 1500 145 105 99 104 114 8
103 204 1358 1060 187 1356 1140 126 106 101 104 109 9
121 111 136 116 118 125 124 118 109 103 108 117 10
137 112 117 111 117 108 117 118 113 111 109 119 15000 11
Chip#4
99 107 100 106 116 110 108 110 110 117 104 115 0
99 99 99 102 115 105 104 102 103 110 100 111 1
99 102 99 106 119 109 108 108 105 110 100 114 2
99 96 100 180 187 105 166 161 103 139 103 111 3
99 99 99 165 173 109 165 161 109 139 109 112 4
99 105 99 103 117 105 111 113 106 109 100 107 5
99 105 103 179 179 109 177 168 110 139 110 118 6
99 96 103 165 159 102 178 153 107 111 99 102 7
99 97 99 102 107 105 107 105 101 108 97 105 8
99 106 103 109 125 112 167 154 114 161 176 112 9
99 112 107 115 122 119 167 154 117 161 162 121 10
108 113 108 116 130 120 118 116 117 121 112 115 15000 11
