Chipdp
84 2 68 4 16 11 4 1 6 2 6 1 7 2 7 4 4 6 5 6 4 7 5 7 4 7 6 8 6 7 7 8 7 4 10 6 11 6 10 7 11 7 4 1 9 2 9 1 10 2 10 4 4 9 5 9 4 10 5 10 4 7 9 8 9 7 10 8 10 4 10 9 11 9 10 10 11 10 4 1 3 2 3 1 4 2 4 4 4 3 5 3 4 4 5 4 4 7 3 8 3 7 4 8 4 4 10 3 11 3 10 4 11 4 4 1 0 2 0 1 1 2 1 4 4 0 5 0 4 1 5 1 4 7 0 8 0 7 1 8 1 4 10 0 11 0 10 1 11 1 4 1 6 2 6 1 7 2 7 4 4 6 5 6 4 7 5 7 4 7 6 8 6 7 7 8 7 4 10 6 11 6 10 7 11 7 4 1 9 2 9 1 10 2 10 4 4 9 5 9 4 10 5 10 4 7 9 8 9 7 10 8 10 4 10 9 11 9 10 10 11 10 4 1 3 2 3 1 4 2 4 4 4 3 5 3 4 4 5 4 4 7 3 8 3 7 4 8 4 4 10 3 11 3 10 4 11 4 4 1 0 2 0 1 1 2 1 4 4 0 5 0 4 1 5 1 4 7 0 8 0 7 1 8 1 4 10 0 11 0 10 1 11 1 4 6 0 7 0 6 1 7 1 4 6 3 7 3 6 4 7 4 4 6 6 7 6 6 7 7 7 4 6 9 7 9 6 10 7 10 4 9 0 10 0 9 1 10 1 4 9 3 10 3 9 4 10 4 4 9 6 10 6 9 7 10 7 4 9 9 10 9 9 10 10 10 4 3 0 4 0 3 1 4 1 4 3 3 4 3 3 4 4 4 4 3 6 4 6 3 7 4 7 4 3 9 4 9 3 10 4 10 4 0 0 1 0 0 1 1 1 4 0 3 1 3 0 4 1 4 4 0 6 1 6 0 7 1 7 4 0 9 1 9 0 10 1 10 4 7 0 8 0 7 1 8 1 4 7 3 8 3 7 4 8 4 4 7 6 8 6 7 7 8 7 4 7 9 8 9 7 10 8 10 4 10 0 11 0 10 1 11 1 4 10 3 11 3 10 4 11 4 4 10 6 11 6 10 7 11 7 4 10 9 11 9 10 10 11 10 4 4 0 5 0 4 1 5 1 4 4 3 5 3 4 4 5 4 4 4 6 5 6 4 7 5 7 4 4 9 5 9 4 10 5 10 4 1 0 2 0 1 1 2 1 4 1 3 2 3 1 4 2 4 4 1 6 2 6 1 7 2 0 0 
Chip#1
121 135 114 116 108 116 121 124 113 161 121 121 0
262 305 135 146 130 127 174 170 113 200 185 134 1
274 336 157 145 140 128 173 173 138 202 188 133 2
139 161 123 132 125 131 140 144 117 142 133 130 3
162 181 130 153 150 142 209 195 136 189 171 127 4
157 175 132 153 155 136 188 179 135 174 162 128 5
126 139 123 140 133 134 144 147 128 146 135 130 6
157 175 132 202 195 143 203 205 136 221 202 133 7
156 168 136 179 172 139 185 189 137 196 180 136 8
124 140 121 123 118 127 149 146 123 144 136 126 9
151 172 131 153 151 134 231 236 137 204 183 126 10
149 162 132 147 147 134 195 192 130 168 162 15000 11
Chip#1
136 140 121 130 117 130 130 133 128 136 128 128 0
261 302 138 144 127 131 171 166 133 201 180 125 1
276 334 159 144 135 132 172 172 137 208 183 126 2
137 155 116 127 117 122 134 139 124 135 127 115 3
166 186 135 155 153 146 207 200 143 191 171 125 4
155 174 130 151 149 144 185 186 136 176 164 127 5
126 138 126 139 127 139 143 149 129 141 130 120 6
156 168 126 222 185 140 202 204 135 220 195 126 7
160 168 131 182 167 146 184 190 138 192 181 132 8
137 150 130 137 129 143 153 161 135 153 141 130 9
159 180 132 158 153 143 237 243 142 208 188 128 10
160 171 132 154 151 152 196 200 140 176 164 15000 11
