Chip#1
24 195 218 21 188 0 205 237 264 135 85 156 0
92 195 218 26 188 0 205 237 264 203 85 158 1
84 195 218 17 188 0 205 237 264 135 84 151 2
88 195 251 16 188 0 205 237 264 203 83 147 3
40 195 218 30 188 0 205 237 264 144 93 159 4
78 195 218 17 188 0 205 237 264 187 79 141 5
24 195 218 26 188 0 205 237 264 139 85 154 6
84 195 218 24 188 0 205 237 264 203 86 153 7
88 195 218 25 188 0 205 237 264 138 84 151 8
85 195 218 24 188 0 205 237 264 203 83 154 9
24 195 218 19 188 0 205 237 264 187 88 150 10
85 195 218 19 188 0 205 237 264 135 85 15000 11
