Chip#1
105 108 100 104 103 102 109 107 92 110 110 111 0
102 97 98 97 97 99 104 95 89 102 109 105 1
108 107 105 107 104 143 149 105 98 111 107 109 2
109 108 106 108 104 143 165 95 98 117 108 107 3
99 99 92 98 97 96 96 92 89 94 102 100 4
103 107 104 103 100 143 161 104 138 159 110 106 5
98 102 95 106 95 159 175 93 140 175 104 106 6
102 106 100 98 98 100 109 97 92 110 104 107 7
100 107 104 99 99 100 104 100 94 108 102 111 8
102 105 95 104 97 92 101 94 85 103 100 106 9
110 118 109 112 109 107 113 107 101 114 114 114 10
98 100 94 96 97 101 100 92 88 100 102 100 15000 11
Chip#2
103 104 100 107 101 108 98 100 103 102 106 109 0
100 103 96 105 99 101 98 98 100 97 101 107 1
102 106 96 100 101 102 102 101 97 95 101 106 2
98 100 95 103 101 105 97 97 95 96 97 111 3
103 107 100 104 103 109 105 104 104 97 103 106 4
104 103 99 102 102 106 105 100 99 100 102 107 5
98 96 99 94 97 97 98 97 95 92 98 104 6
104 102 96 103 106 98 118 123 103 114 119 109 7
100 91 96 93 94 92 105 106 94 95 106 100 8
99 94 96 98 97 100 102 94 99 90 99 103 9
107 99 100 104 106 104 118 124 106 100 101 108 10
102 96 96 99 98 96 107 107 98 96 101 102 15000 11
