Chip#1
107 112 113 101 107 110 104 110 106 114 108 111 0
95 101 93 87 92 93 92 99 93 101 94 93 1
106 108 104 94 103 97 98 102 95 107 97 101 2
105 109 105 102 101 101 102 103 102 105 101 101 3
105 110 102 95 100 100 100 103 100 108 99 103 4
104 105 108 98 107 102 99 103 102 101 99 99 5
97 102 102 95 103 100 92 100 98 103 98 98 6
104 108 105 101 107 102 103 104 102 105 99 101 7
101 101 100 89 99 97 92 96 97 97 95 95 8
109 109 108 104 105 105 107 108 101 114 97 103 9
97 104 100 90 100 97 95 102 93 103 95 95 10
96 99 97 82 91 94 88 99 93 97 93 93 15000 11
Chip#2
95 99 98 98 97 99 83 95 94 97 98 100 0
91 101 101 101 99 95 88 94 95 97 92 101 1
98 105 106 102 104 103 88 103 102 107 102 107 2
99 105 106 106 103 106 90 100 106 106 103 108 3
88 100 100 102 102 95 84 95 102 100 97 93 4
94 103 108 106 104 103 93 102 101 102 99 106 5
95 110 105 103 102 99 89 102 97 106 102 104 6
88 103 105 103 96 105 84 92 98 100 101 102 7
96 104 103 106 108 100 94 98 99 105 103 108 8
99 110 110 110 106 108 95 103 103 111 106 108 9
102 114 111 106 109 112 89 105 103 108 105 108 10
94 103 101 97 99 97 87 95 99 97 102 99 15000 11
Chip#3
102 95 111 103 104 100 104 110 99 103 103 117 0
101 99 112 109 107 98 108 109 106 111 109 122 1
93 86 103 101 100 93 96 98 94 95 95 106 2
92 93 94 96 93 85 97 100 92 98 98 105 3
98 92 107 98 99 91 101 101 98 102 98 111 4
96 92 102 94 100 88 91 100 91 98 97 103 5
90 84 91 93 89 81 91 94 86 93 93 98 6
95 93 107 97 102 90 101 101 98 99 103 109 7
95 90 103 94 96 91 103 100 92 93 99 111 8
107 103 113 110 110 100 109 117 103 110 110 123 9
105 99 109 103 107 98 105 109 101 107 109 115 10
95 94 102 96 97 90 97 101 87 99 102 105 15000 11
Chip#4
99 96 99 96 102 94 94 101 95 98 87 94 0
95 93 99 96 106 94 95 101 97 98 90 102 1
99 96 99 97 110 96 100 98 103 102 93 102 2
99 93 98 96 106 97 88 99 95 96 86 100 3
95 94 98 90 99 101 92 101 98 100 89 100 4
89 92 98 99 103 96 92 99 95 96 89 95 5
106 94 99 103 113 102 100 107 102 108 99 107 6
99 102 99 103 109 106 103 102 101 105 93 110 7
99 99 99 100 106 102 99 102 101 100 90 102 8
99 93 98 99 103 97 98 101 97 101 90 95 9
99 97 106 99 106 99 98 101 98 102 94 102 10
99 102 106 100 106 102 98 101 101 101 90 102 15000 11
Chip#1
101 104 101 95 99 100 102 102 98 105 102 102 0
105 101 106 97 103 100 100 103 96 107 97 101 1
100 102 97 87 101 97 96 99 96 99 93 99 2
96 99 102 97 99 97 99 99 96 96 94 95 3
99 102 106 95 99 98 99 102 97 105 98 98 4
107 109 109 104 111 106 104 110 104 111 107 110 5
101 108 112 102 105 105 102 103 100 104 99 105 6
101 105 108 97 103 101 102 106 100 107 102 99 7
105 109 109 105 108 109 102 108 104 118 105 109 8
101 109 105 95 107 104 102 106 104 111 103 99 9
101 109 106 95 107 100 107 107 102 114 98 106 10
100 102 102 91 100 98 95 102 94 107 98 98 15000 11
Chip#2
88 96 100 100 97 96 83 95 99 101 98 101 0
98 105 98 102 99 104 94 102 103 104 102 104 1
102 108 103 109 107 110 94 103 110 113 111 109 2
101 110 113 110 108 113 97 107 112 110 109 111 3
99 107 106 102 107 110 95 106 107 106 108 105 4
90 99 103 100 99 100 85 98 98 97 97 100 5
96 108 108 103 99 103 90 98 99 108 102 108 6
98 104 107 106 104 106 93 100 102 108 106 105 7
95 107 106 103 107 103 93 102 101 106 106 106 8
95 101 105 101 106 101 88 99 103 105 96 101 9
98 109 116 107 108 109 90 106 107 104 108 107 10
94 100 96 97 97 97 84 95 99 97 102 99 15000 11
Chip#3
97 90 100 98 99 88 96 101 90 98 99 111 0
101 93 95 99 103 95 101 108 99 98 97 115 1
105 99 106 105 106 97 107 110 102 101 108 114 2
98 93 104 97 100 95 104 105 96 103 103 114 3
97 86 103 98 100 93 101 100 95 98 96 109 4
100 92 103 98 103 91 99 104 94 98 102 110 5
96 90 99 97 93 91 93 101 94 98 95 111 6
95 86 99 97 100 90 93 98 95 91 99 107 7
88 83 95 97 95 84 97 102 84 91 94 109 8
103 97 107 103 103 98 103 104 99 101 103 117 9
105 99 109 103 104 100 105 110 106 103 110 117 10
95 86 93 94 89 78 89 97 87 90 97 109 15000 11
Chip#4
99 93 106 99 107 101 95 101 93 104 89 100 0
99 90 106 94 103 97 91 93 95 101 86 97 1
99 94 99 99 113 102 102 99 103 106 94 98 2
99 97 99 105 113 105 98 102 97 105 97 105 3
99 86 91 88 97 93 86 96 91 96 81 92 4
89 92 96 96 105 97 92 93 98 100 94 101 5
106 92 106 99 105 97 95 96 95 101 93 104 6
106 99 99 102 113 99 95 101 99 104 94 105 7
93 92 98 97 109 102 96 102 99 105 94 105 8
106 92 106 102 106 101 98 101 97 105 93 102 9
106 99 106 105 104 101 96 104 98 104 92 101 10
106 96 106 99 105 99 98 104 97 102 92 101 15000 11
Chip#1
97 102 97 90 99 97 91 97 93 97 94 98 0
99 106 104 97 100 100 92 100 101 104 97 102 1
97 104 105 98 101 102 106 100 97 105 97 99 2
105 113 187 181 108 182 205 110 125 131 105 106 3
101 108 149 147 100 148 160 102 106 116 101 105 4
105 112 115 105 111 110 110 110 109 112 105 109 5
106 113 178 177 108 175 202 107 118 128 105 106 6
105 112 160 164 107 144 156 103 104 122 102 102 7
102 112 108 102 108 112 109 106 108 118 102 110 8
99 102 105 93 101 151 181 106 150 179 103 103 9
102 102 102 90 100 138 155 104 132 159 97 101 10
107 112 109 97 107 108 103 110 106 109 107 107 15000 11
Chip#2
99 101 100 101 98 106 88 103 104 106 102 110 0
95 101 97 98 98 100 89 100 102 100 98 100 1
100 110 105 110 106 105 97 105 107 108 105 115 2
109 114 117 119 129 139 108 116 135 122 114 118 3
106 115 115 119 138 152 100 133 151 119 108 116 4
96 100 105 102 99 103 88 98 101 106 99 100 5
100 139 141 107 119 127 93 102 106 111 105 107 6
102 142 144 109 153 153 93 108 111 108 104 108 7
99 117 116 107 110 114 95 105 110 105 111 112 8
102 133 138 105 124 130 93 104 101 107 106 108 9
107 152 151 111 169 152 99 107 111 111 111 112 10
96 110 108 105 108 109 93 102 102 106 105 108 15000 11
Chip#3
100 89 103 98 100 85 100 109 98 99 99 115 0
103 101 115 114 102 102 108 116 109 115 114 122 1
97 94 106 101 103 127 132 108 120 133 105 115 2
101 99 111 102 102 118 121 108 118 123 104 114 3
100 93 106 96 97 94 101 105 96 102 102 113 4
100 96 102 97 100 120 121 102 120 130 100 114 5
101 93 112 107 104 112 123 106 117 129 102 111 6
105 96 112 106 107 102 101 114 98 111 107 118 7
100 103 138 126 107 127 128 114 101 103 104 117 8
102 96 133 117 109 118 115 106 98 105 105 118 9
100 94 108 102 106 93 105 113 98 98 102 113 10
106 96 107 99 104 95 104 110 99 103 105 115 15000 11
Chip#4
106 102 99 105 107 105 99 101 103 105 89 105 0
106 99 99 99 107 102 99 105 101 102 96 105 1
106 97 99 93 100 96 96 98 98 108 87 102 2
106 94 99 100 107 99 96 101 97 100 90 98 3
106 97 99 103 105 99 98 104 93 104 96 104 4
106 94 99 99 106 97 92 96 97 98 90 97 5
106 94 99 96 107 90 92 98 93 105 94 101 6
106 97 99 99 105 97 91 99 96 102 93 101 7
97 94 99 99 106 98 96 99 96 102 90 98 8
97 99 100 103 112 106 100 108 101 108 99 110 9
106 100 100 109 112 107 103 110 103 108 100 107 10
106 102 99 106 113 105 98 101 105 111 96 104 15000 11
Chip#1
105 112 106 97 104 105 104 110 101 109 106 105 0
102 100 101 87 99 97 95 103 97 100 98 103 1
101 106 109 102 101 106 109 102 102 104 101 102 2
109 118 226 223 105 219 273 113 134 147 106 109 3
106 119 188 183 109 181 213 114 122 134 109 113 4
105 116 118 108 109 116 119 106 105 115 105 113 5
110 123 224 223 119 219 273 118 132 153 114 114 6
99 100 194 222 99 166 189 102 110 122 99 102 7
102 108 110 99 107 106 110 107 110 116 102 113 8
104 113 109 94 109 189 237 111 192 220 110 106 9
105 121 112 99 114 172 206 119 165 209 116 113 10
105 108 106 95 105 105 98 106 105 112 103 106 15000 11
Chip#2
105 113 113 114 112 109 98 110 111 114 114 116 0
99 107 106 106 104 105 93 111 108 106 111 116 1
96 107 101 107 104 101 90 103 107 105 101 112 2
107 118 113 112 153 149 97 128 143 113 111 110 3
100 109 110 107 146 174 94 146 174 111 107 108 4
103 109 112 112 110 113 95 111 113 104 103 110 5
100 150 171 109 135 148 95 110 111 108 104 113 6
96 166 179 110 155 190 95 108 115 108 105 111 7
92 108 105 100 106 110 87 100 99 106 101 102 8
103 154 155 107 153 147 92 105 106 104 101 108 9
95 155 171 106 154 179 84 107 106 104 98 105 10
109 124 117 115 115 112 98 105 107 114 109 110 15000 11
Chip#3
105 86 100 98 103 90 96 109 95 98 103 115 0
101 92 108 105 104 97 112 105 110 113 107 119 1
109 103 115 110 117 159 158 120 148 160 112 119 2
100 90 99 101 102 132 134 102 122 137 100 109 3
106 96 107 106 104 105 111 102 103 105 107 118 4
107 96 116 110 106 154 158 110 150 166 113 118 5
102 94 108 107 108 127 142 104 140 154 109 117 6
107 100 112 109 108 105 117 110 101 105 112 119 7
103 101 153 145 110 151 142 110 98 105 105 123 8
105 100 145 139 108 136 142 109 101 103 108 117 9
108 101 108 106 107 102 111 116 102 109 109 121 10
113 99 111 98 111 95 107 110 103 105 105 113 15000 11
Chip#4
106 94 99 93 110 103 96 102 101 98 92 101 0
106 96 99 97 110 105 100 105 103 102 93 101 1
106 93 99 88 107 98 94 101 99 101 92 105 2
106 104 99 111 122 107 108 113 105 110 102 108 3
106 93 99 93 109 93 96 98 99 102 93 97 4
106 102 99 103 113 101 102 105 101 109 99 107 5
106 96 99 99 110 98 100 102 99 106 92 102 6
106 94 99 106 110 99 102 98 103 109 96 105 7
91 89 99 96 102 93 92 95 97 101 90 95 8
106 103 99 102 113 105 106 111 102 110 94 102 9
99 102 100 105 117 106 108 111 106 139 102 109 10
99 99 103 96 115 109 104 108 101 108 96 109 15000 11
Chip#1
110 116 110 102 107 110 107 113 104 120 111 111 0
105 108 104 97 104 102 102 108 104 112 103 106 1
109 112 130 113 112 116 123 111 105 118 106 110 2
110 110 262 258 108 251 309 118 137 154 105 107 3
104 110 200 204 101 197 239 107 120 136 102 105 4
104 112 114 106 104 116 121 107 105 114 105 106 5
111 122 248 261 115 255 300 121 141 165 116 115 6
102 108 216 224 108 195 229 110 120 136 104 106 7
110 110 112 105 104 113 115 110 106 123 103 109 8
109 114 110 101 113 219 274 115 208 254 117 107 9
104 108 104 93 104 181 230 111 173 215 109 103 10
110 109 109 99 105 109 106 110 106 114 109 106 15000 11
Chip#2
100 110 107 103 103 108 93 103 103 106 111 110 0
96 113 108 106 109 108 95 104 107 109 112 115 1
88 100 98 94 95 97 84 95 102 102 96 98 2
103 108 108 109 134 158 95 124 150 113 104 113 3
100 110 108 112 160 195 102 166 202 114 105 111 4
96 108 108 109 114 117 95 110 116 107 104 112 5
102 166 191 110 153 159 97 107 107 109 107 113 6
99 182 207 109 171 199 95 110 116 106 107 108 7
102 119 118 114 114 121 100 105 111 111 108 116 8
98 166 178 107 146 168 94 106 107 109 108 110 9
104 191 209 110 191 205 97 114 124 110 109 110 10
103 125 115 108 118 114 95 102 110 109 113 108 15000 11
Chip#3
102 92 106 98 104 95 105 108 98 94 103 113 0
98 90 103 99 104 101 108 105 109 110 100 109 1
93 88 106 98 99 165 158 105 158 175 103 105 2
103 103 112 109 108 154 158 112 148 159 104 115 3
107 97 116 105 110 105 117 113 111 114 108 122 4
106 94 115 111 113 176 174 114 174 193 115 119 5
97 88 104 99 100 140 142 104 154 171 97 106 6
107 97 120 106 111 107 112 113 106 106 110 118 7
103 103 178 161 110 174 158 112 98 106 105 115 8
98 99 162 141 103 154 158 106 94 99 99 111 9
112 105 112 109 114 105 112 114 107 106 110 123 10
127 112 124 115 124 110 119 125 113 117 119 131 15000 11
Chip#4
99 102 103 100 106 98 98 104 98 106 90 102 0
99 103 99 111 115 103 102 110 106 106 99 111 1
99 99 99 99 110 102 98 102 101 106 92 100 2
99 97 99 112 115 103 100 108 98 108 97 104 3
99 106 103 114 120 109 108 116 105 111 102 108 4
99 103 102 109 117 110 100 110 102 108 100 107 5
99 113 103 122 123 110 112 117 109 123 103 111 6
99 106 102 111 117 106 104 110 103 108 94 107 7
99 102 99 108 112 103 98 104 98 106 97 107 8
99 107 102 109 120 111 107 116 106 118 106 112 9
99 102 99 106 113 106 108 118 105 109 104 105 10
99 107 99 105 119 105 104 110 107 110 99 102 15000 11
Chip#1
101 108 104 94 104 100 99 106 98 104 102 102 0
107 116 112 98 111 106 100 111 110 114 105 106 1
104 113 126 114 107 121 126 108 101 115 104 106 2
102 116 295 295 111 278 350 115 137 165 107 106 3
106 116 215 223 108 218 272 108 125 146 107 106 4
107 116 121 113 115 119 132 108 102 114 111 107 5
104 112 267 286 109 278 335 117 136 163 103 102 6
109 113 243 251 108 214 259 110 122 146 107 107 7
106 112 106 105 103 113 115 110 106 118 106 103 8
104 110 110 102 105 235 298 121 213 277 113 107 9
106 113 110 97 108 202 267 123 213 240 114 109 10
109 112 115 99 113 112 109 113 110 118 113 110 15000 11
Chip#2
103 110 115 106 108 109 95 106 107 114 108 116 0
111 118 121 121 118 117 104 116 119 119 119 123 1
99 109 106 107 104 100 88 98 103 107 103 106 2
98 113 111 109 146 176 94 135 157 114 104 113 3
99 108 111 110 175 209 98 183 214 113 109 111 4
101 118 115 111 120 119 98 112 126 114 108 110 5
107 182 212 115 146 171 100 114 115 114 107 108 6
112 205 212 119 204 240 104 119 124 113 109 115 7
102 123 121 111 118 125 97 107 110 110 108 112 8
108 182 203 117 164 188 100 115 113 113 113 116 9
95 201 203 105 205 218 87 108 113 101 101 98 10
111 122 120 114 121 125 100 111 121 113 112 115 15000 11
Chip#3
105 93 107 105 104 97 101 112 98 101 108 115 0
107 107 115 109 110 112 121 118 113 121 113 123 1
100 101 113 109 107 202 190 112 182 205 113 117 2
103 97 111 105 106 169 158 114 156 171 110 118 3
109 100 116 111 111 112 120 118 113 115 110 119 4
108 105 121 117 120 207 190 122 197 222 120 122 5
116 101 121 115 113 168 174 122 183 196 114 122 6
107 101 121 109 110 111 117 116 105 111 109 126 7
105 105 199 182 117 198 190 116 103 105 110 118 8
114 108 188 170 121 182 158 120 110 113 118 123 9
116 108 122 114 118 114 116 120 106 115 112 119 10
134 114 126 120 122 107 123 122 118 120 119 126 15000 11
Chip#4
99 109 102 106 117 105 103 108 107 111 103 111 0
99 103 104 105 107 105 100 108 103 105 97 115 1
99 97 99 100 117 101 99 102 103 105 97 105 2
99 99 99 108 112 96 103 111 96 105 96 105 3
99 105 99 115 120 107 107 118 110 115 102 108 4
99 106 102 111 116 109 107 114 106 110 102 111 5
99 102 100 114 117 99 106 113 102 139 104 109 6
99 96 98 106 113 101 100 105 101 102 97 102 7
99 105 104 111 110 103 103 111 105 106 102 108 8
99 109 102 111 116 111 112 118 109 115 107 107 9
99 106 102 109 116 107 110 117 107 114 107 111 10
101 109 104 109 116 107 106 111 105 111 103 107 15000 11
