Chipdp
120 0 0 2 16 6 4 7 9 7 10 8 9 8 10 4 10 9 10 10 11 9 11 10 4 7 6 7 7 8 6 8 7 4 10 6 10 7 11 6 11 7 4 7 3 7 4 8 3 8 4 4 10 3 10 4 11 3 11 4 4 7 0 7 1 8 0 8 1 4 10 0 10 1 11 0 11 1 4 4 9 4 10 5 9 5 10 4 1 9 1 10 2 9 2 10 4 4 6 4 7 5 6 5 7 4 1 6 1 7 2 6 2 7 4 4 3 4 4 5 3 5 4 4 1 3 1 4 2 3 2 4 4 4 0 4 1 5 0 5 1 4 1 0 1 1 2 0 2 1 4 7 0 7 1 8 0 8 1 4 10 0 10 1 11 0 11 1 4 7 3 7 4 8 3 8 4 4 10 3 10 4 11 3 11 4 4 7 6 7 7 8 6 8 7 4 10 6 10 7 11 6 11 7 4 7 9 7 10 8 9 8 10 4 10 9 10 10 11 9 11 10 4 4 0 4 1 5 0 5 1 4 1 0 1 1 2 0 2 1 4 4 3 4 4 5 3 5 4 4 1 3 1 4 2 3 2 4 4 4 6 4 7 5 6 5 7 4 1 6 1 7 2 6 2 7 4 4 9 4 10 5 9 5 10 4 1 9 1 10 2 9 2 10 
Chip#1
105 195 259 33 188 0 213 237 264 219 102 159 0
192 299 278 44 188 11 461 357 264 267 129 166 1
192 315 291 44 196 11 389 357 264 260 131 164 2
109 195 264 34 188 0 261 245 264 235 99 158 3
142 203 267 48 196 27 533 493 264 251 119 158 4
134 203 263 47 212 27 461 470 264 251 113 159 5
95 195 263 40 188 11 245 237 264 235 99 161 6
145 219 273 81 228 43 549 501 264 260 144 161 7
124 203 267 60 212 27 461 493 264 260 124 158 8
106 195 268 43 196 11 245 245 264 235 112 170 9
128 219 272 56 212 43 461 493 264 267 130 165 10
127 195 267 41 196 11 341 357 264 235 115 15000 11
Chip#1
102 195 259 36 188 0 213 237 264 219 99 163 0
192 362 283 49 188 27 389 357 264 260 139 168 1
192 315 292 46 188 11 373 341 264 251 131 165 2
113 195 270 39 188 11 261 245 264 235 102 161 3
145 203 267 51 196 43 533 493 264 251 125 163 4
134 203 268 52 180 11 461 373 264 235 111 156 5
94 195 261 38 188 11 229 237 264 219 96 158 6
132 203 267 79 212 27 517 493 264 260 139 163 7
120 195 267 54 196 27 461 481 264 251 117 158 8
99 195 267 38 196 11 261 245 264 235 99 157 9
132 203 270 51 196 27 461 493 264 251 130 165 10
124 203 265 46 196 27 357 357 264 251 110 15000 11
Chip#1
110 195 264 36 188 11 213 237 264 219 101 166 0
192 299 279 48 188 11 389 357 264 251 131 163 1
192 382 294 48 196 27 389 357 264 267 133 161 2
106 195 260 30 188 0 245 237 264 219 93 155 3
143 203 269 49 196 43 533 493 264 251 119 160 4
140 219 281 53 212 27 461 477 264 251 124 166 5
95 195 258 39 188 11 245 245 264 235 98 152 6
136 203 274 76 228 27 517 493 264 260 141 163 7
136 195 268 66 196 11 461 389 264 251 128 163 8
107 195 268 44 188 11 245 245 264 235 108 164 9
127 203 270 51 196 27 461 493 264 267 131 165 10
123 203 265 44 196 27 357 357 264 251 115 15000 11
