Chip#1
102 106 99 97 103 98 98 100 93 103 99 106 0
95 96 91 86 96 93 92 97 91 100 93 97 1
97 104 96 93 96 98 91 96 96 100 91 98 2
100 104 97 97 99 105 99 97 94 105 95 99 3
104 112 108 100 101 104 103 104 98 109 103 106 4
101 105 106 97 103 102 100 103 96 109 99 102 5
92 99 99 97 95 97 95 93 93 101 91 94 6
102 106 101 104 107 105 100 104 101 107 106 105 7
102 106 101 98 103 106 98 103 94 111 97 103 8
101 105 100 91 99 101 99 99 97 105 98 105 9
96 100 89 87 92 94 91 95 90 99 94 98 10
100 105 102 97 103 101 94 96 96 104 98 15000 11
Chip#2
100 105 108 100 101 104 94 103 99 106 101 105 0
88 96 95 96 92 93 83 92 97 94 96 95 1
92 107 98 105 103 100 92 104 104 102 99 105 2
96 104 106 102 103 104 93 105 103 109 104 106 3
92 104 102 98 106 97 93 98 104 100 101 100 4
92 104 105 94 101 103 89 100 99 105 102 100 5
104 112 113 110 107 106 92 110 111 110 112 108 6
101 112 108 108 108 105 92 108 108 104 107 106 7
99 112 111 105 107 105 97 104 110 108 106 110 8
108 112 113 107 106 110 102 110 107 109 112 113 9
90 104 98 96 95 96 82 98 98 97 101 93 10
90 99 96 94 97 99 89 95 94 100 91 15000 11
Chip#3
96 85 108 99 96 93 97 102 92 98 98 111 0
106 92 111 98 102 85 103 108 95 103 99 114 1
107 97 109 106 103 95 103 112 96 109 109 115 2
106 100 115 102 102 97 103 113 99 109 105 119 3
101 90 107 101 102 98 103 108 94 107 100 110 4
100 97 109 98 100 90 103 106 95 107 96 110 5
98 94 113 101 99 94 105 108 91 106 102 114 6
101 93 109 97 103 91 103 108 95 103 102 107 7
100 93 107 99 102 95 107 104 91 103 99 115 8
92 86 100 93 91 87 92 94 87 97 95 103 9
103 103 112 101 102 103 104 108 101 107 107 117 10
106 94 108 102 100 94 101 108 94 105 99 15000 11
Chip#4
99 100 99 97 104 106 96 102 98 101 92 104 0
99 99 99 94 110 103 99 101 102 98 94 104 1
93 92 99 96 107 99 95 102 99 104 93 105 2
106 100 99 100 107 107 100 107 103 105 99 107 3
99 97 99 99 109 106 96 104 98 102 96 101 4
99 99 99 102 107 102 96 104 99 102 97 105 5
99 91 99 94 103 98 95 96 95 98 90 101 6
99 99 99 103 110 107 103 99 103 106 102 110 7
99 99 99 96 105 103 99 105 101 101 92 101 8
99 94 99 97 102 97 94 98 102 94 92 102 9
99 106 103 105 115 107 106 101 107 111 103 105 10
99 100 99 99 107 99 98 101 103 104 92 15000 11
