Chip#1
89 195 251 28 188 11 213 237 264 219 88 152 0
95 195 258 33 188 11 213 237 264 219 96 163 1
96 195 258 34 188 11 213 237 264 219 94 158 2
85 195 252 26 188 11 213 237 264 219 90 155 3
91 195 251 26 188 11 213 237 264 219 89 154 4
87 195 251 22 188 0 205 237 264 219 89 158 5
96 195 259 31 188 11 213 237 264 235 92 158 6
91 195 255 28 188 0 205 237 264 203 93 158 7
94 195 255 29 188 0 205 237 264 219 93 159 8
88 195 252 28 188 11 213 237 264 219 90 151 9
103 195 260 33 188 11 213 237 264 235 98 159 10
94 195 254 31 188 0 205 237 264 219 88 15000 11
