Chip#1
24 195 218 20 188 0 205 237 264 187 79 145 0
92 195 218 29 188 0 205 237 264 203 91 159 1
89 195 218 22 188 0 205 237 264 187 83 151 2
24 195 218 16 188 0 205 237 264 187 81 144 3
24 195 218 22 188 0 205 237 264 135 80 148 4
92 195 218 34 188 0 205 237 264 203 88 155 5
24 195 218 21 188 0 205 237 264 135 80 149 6
88 195 218 25 188 0 205 237 264 203 83 150 7
81 195 218 17 188 0 205 237 264 203 80 146 8
24 195 218 24 188 0 205 237 264 203 81 151 9
24 195 218 17 188 0 205 237 264 187 83 149 10
40 195 218 25 188 0 205 237 264 137 86 15000 11
