Chip#1
107 105 104 102 99 94 106 96 96 99 101 105 0
110 113 110 102 122 119 108 114 99 105 117 110 1
104 116 107 101 122 119 106 111 95 99 111 106 2
108 109 107 104 104 99 107 102 108 105 99 105 3
104 121 119 114 125 125 107 133 105 115 123 106 4
104 120 107 96 122 114 103 118 104 99 117 108 5
107 103 104 102 103 106 111 99 104 102 104 106 6
98 124 117 99 130 124 103 136 102 99 117 108 7
105 119 110 101 124 116 103 124 99 101 112 108 8
105 105 106 96 102 97 104 96 99 104 100 108 9
111 123 109 104 121 119 107 122 105 101 120 112 10
111 112 109 105 115 114 104 116 95 101 96 15000 11
Chip#2
101 102 100 99 102 100 98 105 101 99 104 98 0
107 118 131 101 126 136 104 123 127 101 134 116 1
99 109 115 95 116 118 100 117 116 98 127 116 2
106 104 102 102 104 101 104 107 106 103 104 103 3
105 130 138 106 135 137 100 137 134 106 139 125 4
100 114 116 95 122 118 102 122 121 105 129 114 5
103 98 99 98 101 104 100 106 105 104 104 102 6
99 125 137 99 133 126 97 137 128 99 137 117 7
109 116 116 104 123 122 108 130 125 108 127 110 8
109 103 100 104 103 105 103 103 106 103 105 103 9
107 133 138 102 140 128 101 145 134 105 143 115 10
105 104 105 102 116 114 102 123 115 100 120 15000 11
