Chip#1
88 94 89 89 98 88 82 92 87 89 88 87 0
95 99 95 97 98 92 101 95 92 95 94 98 1
100 103 102 101 104 98 101 97 99 100 99 104 2
93 100 93 92 104 92 101 99 96 98 98 101 3
96 101 95 95 95 99 90 102 104 95 104 99 4
90 95 64 90 101 89 87 96 99 92 96 94 5
99 109 109 102 104 106 105 110 105 105 103 107 6
96 105 98 97 95 95 105 102 104 103 100 104 7
95 96 93 93 104 93 105 98 95 95 96 99 8
94 96 91 95 95 93 90 98 99 95 92 94 9
93 100 91 89 95 87 87 103 99 97 96 98 10
101 106 103 100 104 95 105 112 106 103 105 15000 11
