Chipdp
120 0 0 2 16 6 4 7 9 7 10 8 9 8 10 4 10 9 10 10 11 9 11 10 4 7 6 7 7 8 6 8 7 4 10 6 10 7 11 6 11 7 4 7 3 7 4 8 3 8 4 4 10 3 10 4 11 3 11 4 4 7 0 7 1 8 0 8 1 4 10 0 10 1 11 0 11 1 4 4 9 4 10 5 9 5 10 4 1 9 1 10 2 9 2 10 4 4 6 4 7 5 6 5 7 4 1 6 1 7 2 6 2 7 4 4 3 4 4 5 3 5 4 4 1 3 1 4 2 3 2 4 4 4 0 4 1 5 0 5 1 4 1 0 1 1 2 0 2 1 4 7 0 7 1 8 0 8 1 4 10 0 10 1 11 0 11 1 4 7 3 7 4 8 3 8 4 4 10 3 10 4 11 3 11 4 4 7 6 7 7 8 6 8 7 4 10 6 10 7 11 6 11 7 4 7 9 7 10 8 9 8 10 4 10 9 10 10 11 9 11 10 4 4 0 4 1 5 0 5 1 4 1 0 1 1 2 0 2 1 4 4 3 4 4 5 3 5 4 4 1 3 1 4 2 3 2 4 4 4 6 4 7 5 6 5 7 4 1 6 1 7 2 6 2 7 4 4 9 4 10 5 9 5 10 4 1 9 1 10 2 9 2 10 
Chip#1
103 195 260 34 188 0 213 237 264 219 93 158 0
192 283 281 46 188 11 389 341 264 267 135 166 1
192 315 290 44 188 11 373 357 264 260 131 161 2
110 195 260 38 188 0 245 237 264 219 96 158 3
134 203 268 46 196 27 517 493 264 251 116 159 4
132 203 269 46 196 11 461 373 264 251 115 159 5
98 195 261 34 196 11 245 245 264 235 94 155 6
138 195 270 75 212 11 501 493 264 260 142 161 7
128 195 268 58 196 11 461 389 264 251 127 160 8
106 195 263 40 188 0 229 237 264 219 98 165 9
134 203 268 52 196 27 461 493 264 267 134 163 10
125 195 269 51 196 11 357 357 264 235 117 15000 11
Chip#1
95 195 252 30 188 0 213 237 264 219 93 159 0
192 283 274 42 188 11 389 357 264 267 125 159 1
192 315 292 47 196 27 373 357 264 260 129 158 2
117 195 269 44 188 11 261 245 264 219 102 165 3
138 195 263 42 188 27 517 493 264 235 115 151 4
136 203 270 52 196 27 461 373 264 251 116 160 5
103 195 272 41 196 11 245 245 264 235 102 161 6
134 195 268 73 212 27 501 493 264 267 134 158 7
131 195 270 58 196 11 461 483 264 251 125 160 8
105 195 263 43 188 11 245 245 264 235 103 160 9
72 195 268 54 196 11 461 493 264 251 129 163 10
72 195 268 51 196 11 341 341 264 235 117 15000 11
Chip#1
106 195 264 42 188 11 213 237 264 235 101 168 0
192 347 277 46 188 27 389 357 264 267 130 166 1
192 315 295 46 196 11 389 357 264 267 135 163 2
106 195 259 31 188 0 245 245 264 235 96 156 3
145 219 272 51 196 43 517 493 264 267 122 160 4
128 203 263 40 188 11 389 357 264 251 110 151 5
98 195 261 39 188 11 245 237 264 219 94 159 6
136 203 270 77 212 27 517 493 264 260 142 160 7
131 203 265 58 212 27 461 481 264 251 125 160 8
105 195 261 35 188 0 229 245 264 219 98 161 9
135 203 274 57 196 27 461 493 264 267 133 161 10
124 195 269 47 196 11 341 341 264 235 113 15000 11
