Chipdp
120 0 0 2 16 6 4 7 9 7 10 8 9 8 10 4 10 9 10 10 11 9 11 10 4 7 6 7 7 8 6 8 7 4 10 6 10 7 11 6 11 7 4 7 3 7 4 8 3 8 4 4 10 3 10 4 11 3 11 4 4 7 0 7 1 8 0 8 1 4 10 0 10 1 11 0 11 1 4 4 9 4 10 5 9 5 10 4 1 9 1 10 2 9 2 10 4 4 6 4 7 5 6 5 7 4 1 6 1 7 2 6 2 7 4 4 3 4 4 5 3 5 4 4 1 3 1 4 2 3 2 4 4 4 0 4 1 5 0 5 1 4 1 0 1 1 2 0 2 1 4 7 0 7 1 8 0 8 1 4 10 0 10 1 11 0 11 1 4 7 3 7 4 8 3 8 4 4 10 3 10 4 11 3 11 4 4 7 6 7 7 8 6 8 7 4 10 6 10 7 11 6 11 7 4 7 9 7 10 8 9 8 10 4 10 9 10 10 11 9 11 10 4 4 0 4 1 5 0 5 1 4 1 0 1 1 2 0 2 1 4 4 3 4 4 5 3 5 4 4 1 3 1 4 2 3 2 4 4 4 6 4 7 5 6 5 7 4 1 6 1 7 2 6 2 7 4 4 9 4 10 5 9 5 10 4 1 9 1 10 2 9 2 10 
Chip#1
109 195 267 36 196 11 229 237 264 235 106 168 0
192 363 276 60 212 27 461 471 264 260 144 160 1
200 401 297 65 212 27 461 476 264 260 149 168 2
114 195 264 43 188 11 261 245 264 219 102 160 3
161 235 274 62 212 43 565 517 264 260 136 156 4
149 235 273 62 212 27 461 493 264 260 129 160 5
102 195 258 42 188 11 245 237 264 235 93 156 6
157 235 274 100 244 43 565 517 264 260 155 166 7
139 203 260 62 212 11 461 493 264 251 131 158 8
109 195 270 48 196 27 261 261 264 251 112 164 9
147 219 274 71 212 27 469 493 264 260 147 161 10
139 203 269 67 212 11 357 373 264 251 125 15000 11
Chip#2
279 247 289 187 138 106 102 321 179 273 141 139 0
347 260 294 187 141 124 206 380 211 273 149 143 1
336 249 292 187 137 105 119 334 195 273 146 140 2
279 201 289 187 191 108 155 317 195 273 145 142 3
279 247 298 187 147 133 214 396 211 273 152 145 4
263 196 289 187 138 109 171 332 195 273 139 137 5
279 201 293 187 140 108 80 302 195 273 145 140 6
279 209 294 187 148 125 138 363 211 273 151 148 7
279 198 291 187 143 106 171 329 195 273 145 140 8
263 198 288 171 143 105 72 294 179 273 139 144 9
279 202 294 171 141 115 123 343 195 273 145 140 10
279 203 292 187 142 111 171 324 195 273 146 15000 11
Chip#1
102 195 258 30 188 11 213 237 264 219 98 163 0
192 361 278 56 212 27 461 373 264 260 139 157 1
192 331 288 53 196 11 461 373 264 260 144 160 2
116 195 267 40 188 11 261 245 264 235 102 161 3
156 235 269 56 212 43 630 501 264 260 136 155 4
147 235 265 61 212 27 461 389 264 260 126 155 5
98 195 261 41 188 11 245 245 264 235 99 163 6
157 219 268 89 228 43 549 501 264 260 153 158 7
150 235 274 73 228 27 461 493 264 260 141 168 8
107 195 263 41 196 11 261 261 264 235 106 163 9
143 235 276 70 228 43 469 493 264 260 143 164 10
134 203 272 57 212 27 357 373 264 251 125 15000 11
Chip#2
279 209 292 187 139 111 105 324 195 273 144 143 0
349 259 298 203 139 128 208 380 211 273 152 142 1
279 248 289 187 136 104 171 333 195 273 141 140 2
279 201 297 187 143 115 171 325 211 273 150 147 3
279 203 295 187 145 131 210 390 211 273 150 142 4
279 203 291 187 139 118 187 336 195 273 146 144 5
279 199 294 187 143 109 82 305 195 273 143 142 6
279 203 293 187 144 124 203 359 211 273 148 143 7
279 202 297 203 142 111 171 332 195 273 151 147 8
279 206 294 187 145 106 77 299 195 273 148 145 9
279 204 298 187 145 121 187 344 195 273 148 145 10
279 206 295 203 144 113 104 325 211 273 146 15000 11
Chip#1
94 195 252 30 188 0 213 237 264 219 96 159 0
192 367 281 61 196 27 461 373 264 260 141 161 1
200 400 300 61 212 27 461 475 264 260 152 161 2
121 195 270 41 188 11 261 245 264 235 108 161 3
150 235 261 54 212 27 565 501 264 260 131 156 4
153 235 276 66 212 27 461 493 264 260 138 165 5
105 195 265 47 196 11 245 245 264 235 105 161 6
153 219 269 90 228 27 533 485 264 260 157 159 7
145 203 272 72 212 27 461 493 264 260 142 163 8
100 195 261 38 188 11 245 245 264 219 107 159 9
142 219 268 63 228 27 469 493 264 260 144 157 10
136 203 265 63 196 11 341 357 264 235 125 15000 11
Chip#2
279 205 292 187 143 109 155 325 195 273 146 145 0
295 255 295 187 139 124 203 378 195 273 148 143 1
279 249 289 187 136 105 171 329 195 273 143 138 2
263 197 291 171 141 103 155 318 179 273 145 139 3
279 203 291 187 191 125 203 390 211 273 146 143 4
263 197 288 187 141 108 171 333 195 273 141 140 5
279 204 293 203 145 111 82 302 195 273 151 143 6
279 195 285 187 133 115 187 348 195 273 143 135 7
279 203 291 187 145 110 171 332 195 273 150 145 8
263 199 295 187 144 105 73 296 195 273 145 142 9
279 247 295 187 145 124 187 348 211 273 154 143 10
336 247 297 203 148 116 171 328 211 273 152 15000 11
Chip#1
103 195 267 38 188 11 213 237 264 219 99 169 0
192 299 273 58 196 11 461 373 264 260 131 163 1
200 396 295 61 212 27 461 474 264 260 143 166 2
117 203 268 41 196 27 261 261 264 235 108 163 3
149 219 264 62 196 27 549 501 264 267 133 158 4
139 235 265 62 212 27 461 493 264 251 127 159 5
103 195 265 47 196 27 245 245 264 235 106 160 6
151 219 276 96 244 43 549 501 264 260 152 161 7
138 203 267 66 212 11 461 493 264 251 135 166 8
106 195 265 48 196 27 261 261 264 251 112 166 9
145 219 273 67 212 27 461 493 264 260 144 158 10
136 203 269 58 212 27 357 373 264 251 122 15000 11
Chip#2
279 204 291 187 138 100 103 319 179 273 140 139 0
345 254 294 187 191 120 205 379 211 273 144 142 1
279 252 294 187 144 105 119 338 195 273 148 143 2
263 197 289 187 139 104 102 316 195 273 143 142 3
279 204 298 187 145 131 214 394 211 273 151 145 4
279 198 289 187 191 108 171 328 195 273 145 142 5
279 201 298 187 143 109 83 307 195 273 150 144 6
279 202 293 187 144 123 203 357 211 273 152 147 7
263 197 293 187 139 109 107 334 195 273 146 142 8
279 199 293 187 191 104 72 291 195 273 148 145 9
279 204 293 187 143 116 119 341 211 273 148 140 10
279 206 297 187 149 113 103 328 195 273 152 15000 11
Chip#1
102 195 261 31 188 11 213 237 264 219 98 166 0
192 359 279 53 212 27 461 373 264 260 143 165 1
192 331 287 54 212 11 461 373 264 260 136 155 2
107 195 263 35 188 11 261 245 264 235 101 158 3
169 235 278 73 228 43 581 517 264 260 144 165 4
156 219 276 66 212 27 461 493 264 260 134 163 5
100 195 263 40 196 27 245 245 264 235 101 161 6
158 235 274 94 260 59 613 517 264 260 157 164 7
145 219 267 67 228 27 461 493 264 260 138 160 8
102 195 256 38 188 0 245 245 264 219 102 160 9
143 219 273 65 228 27 461 493 264 260 140 159 10
132 203 273 60 212 27 373 373 264 251 121 15000 11
Chip#2
279 247 288 187 134 104 155 324 195 273 148 143 0
295 260 294 187 191 126 205 382 211 273 149 140 1
333 250 294 187 191 108 187 334 195 273 148 143 2
263 201 291 187 136 111 155 319 179 273 144 142 3
279 202 291 187 143 129 208 389 211 273 150 139 4
279 206 299 187 151 128 187 345 211 273 157 154 5
279 202 293 203 143 111 155 302 195 273 149 143 6
279 204 298 187 148 128 203 363 211 273 152 149 7
279 196 292 187 191 109 171 332 195 273 148 142 8
263 197 291 187 142 104 70 297 195 273 144 142 9
279 201 295 187 144 120 123 348 195 273 149 140 10
328 247 296 203 207 111 171 329 211 273 152 15000 11
Chip#1
110 195 268 40 188 11 213 237 264 219 107 169 0
192 361 273 51 196 11 461 373 264 260 135 159 1
200 396 294 61 212 27 461 373 264 260 147 164 2
112 195 260 36 188 11 261 245 264 235 94 161 3
164 235 273 67 212 43 581 517 264 260 145 163 4
151 235 269 56 212 27 461 493 264 260 129 158 5
105 195 260 41 188 11 245 245 264 219 98 160 6
160 235 273 97 244 43 612 517 264 260 157 166 7
146 219 268 75 228 43 461 493 264 260 139 165 8
107 195 264 39 188 11 245 245 264 235 102 159 9
146 219 274 67 212 27 461 493 264 260 143 164 10
131 203 269 56 212 11 357 373 264 251 122 15000 11
Chip#2
279 206 289 187 134 103 155 323 195 273 138 134 0
356 261 299 187 141 128 213 388 211 273 150 144 1
279 247 291 187 131 104 171 329 195 273 140 139 2
279 197 294 187 138 113 102 324 195 273 145 140 3
279 199 294 187 140 132 210 388 211 273 143 140 4
279 201 298 203 140 116 187 341 211 273 144 143 5
279 247 295 203 143 115 155 308 211 273 144 143 6
279 203 294 187 143 125 137 359 211 273 148 142 7
279 199 293 203 139 113 171 334 211 273 149 143 8
279 198 287 187 139 103 72 294 195 273 140 138 9
279 208 297 187 140 124 187 346 211 273 151 145 10
337 247 298 203 145 114 171 329 211 273 150 15000 11
