Chip#1
100 101 107 107 97 98 105 104 106 104 109 104 0
103 96 108 107 100 98 112 108 110 112 112 112 1
100 96 105 107 102 102 110 104 111 108 112 106 2
96 87 101 95 89 92 98 94 102 97 105 99 3
98 93 101 100 100 92 104 99 103 105 105 102 4
99 96 104 105 102 99 105 104 105 105 104 104 5
100 100 101 104 97 100 109 100 107 109 109 103 6
99 96 107 107 103 98 104 104 110 104 109 104 7
95 92 100 101 99 94 100 98 103 104 103 104 8
99 95 103 105 102 95 104 102 107 101 105 103 9
95 89 97 95 91 94 102 97 105 98 103 99 10
96 96 105 107 99 99 107 104 107 106 109 15000 11
