Chip#1
99 108 93 91 101 96 89 96 96 103 97 99 0
101 108 105 97 103 105 98 100 95 101 102 107 1
101 104 102 97 104 100 96 103 101 105 103 102 2
95 97 99 94 89 94 92 95 94 101 93 95 3
101 105 101 99 100 98 99 99 98 105 99 103 4
101 109 101 97 99 98 99 99 100 109 101 103 5
101 106 109 98 104 106 100 100 104 115 105 105 6
96 97 101 98 100 100 98 96 93 104 97 99 7
104 109 104 97 103 101 98 99 104 107 101 109 8
105 106 105 98 104 104 99 102 98 109 102 110 9
97 104 104 91 101 101 98 100 102 108 99 105 10
105 108 101 99 101 101 102 100 99 104 101 15000 11
Chip#2
100 109 106 107 102 106 97 110 107 110 107 108 0
99 107 107 103 109 103 94 106 113 104 104 111 1
98 115 108 106 107 103 98 105 108 109 104 106 2
103 107 107 103 104 100 93 99 106 108 106 104 3
98 104 106 106 99 97 89 100 111 101 105 105 4
84 94 96 92 92 91 79 92 94 93 94 94 5
92 104 106 98 98 100 89 105 101 100 96 105 6
91 106 108 103 102 104 94 106 107 102 107 104 7
90 98 97 94 97 91 84 94 94 94 99 97 8
100 110 105 102 104 104 94 106 106 108 108 106 9
98 107 111 101 106 99 93 105 106 102 107 104 10
90 105 98 97 96 96 92 99 94 101 101 15000 11
Chip#3
98 90 102 96 95 88 96 105 91 98 98 109 0
91 90 103 97 96 84 91 100 92 98 99 107 1
98 83 100 96 96 85 97 101 91 97 98 105 2
88 80 94 86 84 78 80 92 79 87 84 96 3
105 89 104 106 102 95 99 105 94 98 98 115 4
96 88 100 99 91 84 92 98 90 98 96 102 5
107 93 108 98 104 94 103 110 95 105 103 118 6
97 92 98 93 97 85 97 100 90 103 96 110 7
93 88 95 97 93 90 96 101 87 93 97 107 8
102 92 107 101 99 91 101 108 101 103 104 111 9
93 88 98 90 96 84 92 92 91 99 95 107 10
95 89 106 93 104 90 97 98 92 98 100 15000 11
Chip#4
99 97 99 99 103 99 90 101 99 100 97 102 0
99 93 99 96 97 94 94 98 99 101 93 102 1
88 93 98 90 97 94 90 95 98 100 89 97 2
96 97 98 103 106 105 98 104 99 104 99 107 3
106 94 99 100 105 98 95 104 101 100 94 101 4
106 96 99 97 102 94 91 99 98 101 94 101 5
106 93 99 99 102 94 92 99 102 98 97 101 6
106 97 99 102 105 102 92 96 102 100 99 101 7
106 105 99 100 106 103 99 104 103 104 97 105 8
106 89 99 94 97 97 91 102 99 98 89 98 9
106 89 99 94 103 97 91 99 95 98 93 100 10
106 102 100 103 107 107 99 105 105 106 99 15000 11
Chip#1
100 109 105 101 101 105 100 103 95 107 103 105 0
100 101 101 100 100 101 98 100 96 105 99 101 1
96 101 95 93 97 93 94 93 89 100 94 99 2
99 97 106 106 97 104 100 99 97 108 97 102 3
100 104 104 98 99 100 103 95 102 109 101 103 4
106 109 101 97 103 102 96 104 96 101 101 105 5
102 106 106 99 105 104 104 103 98 108 102 99 6
100 106 106 101 103 102 103 100 102 105 102 105 7
100 104 100 95 99 98 94 96 94 101 99 101 8
105 106 106 98 101 106 104 104 104 112 99 102 9
105 112 104 95 103 109 106 110 104 115 101 106 10
102 112 108 94 101 105 100 103 98 107 103 15000 11
Chip#2
94 103 106 101 103 97 88 95 102 98 98 100 0
96 103 102 102 103 100 95 102 107 100 104 104 1
103 108 111 103 103 103 93 102 107 102 105 112 2
94 105 106 98 98 97 89 95 102 101 102 101 3
90 100 98 96 97 97 90 96 101 104 99 99 4
96 101 102 100 106 103 93 99 104 104 101 101 5
88 103 98 100 104 96 85 92 99 97 98 98 6
95 112 113 108 107 108 94 108 106 105 103 112 7
102 112 110 105 106 105 98 100 107 105 104 105 8
91 99 102 100 97 99 83 92 98 98 98 100 9
90 105 98 93 101 100 84 98 95 96 97 98 10
91 107 98 101 97 99 90 94 99 101 97 15000 11
Chip#3
105 93 111 105 104 97 101 108 98 103 103 113 0
97 90 102 102 97 90 96 106 96 102 100 115 1
108 100 115 102 108 100 105 110 98 106 107 115 2
107 97 108 102 103 95 104 109 101 105 105 118 3
103 97 111 103 99 97 103 112 96 107 103 115 4
102 97 102 102 100 93 100 105 94 103 102 107 5
92 80 100 94 86 80 91 94 86 95 93 103 6
101 90 103 109 106 97 104 106 96 102 103 111 7
100 90 102 97 96 93 104 105 94 105 100 111 8
95 90 103 101 97 91 97 97 95 98 96 105 9
107 97 113 103 103 95 105 110 98 106 104 113 10
105 89 102 102 102 90 99 101 94 102 100 15000 11
Chip#4
106 97 100 97 100 96 95 95 96 101 90 100 0
106 102 99 102 107 101 96 101 103 104 99 108 1
99 103 99 100 113 99 95 96 105 105 104 110 2
99 103 99 103 106 106 98 104 105 105 100 109 3
99 100 99 100 103 106 94 104 102 101 96 102 4
99 91 99 96 97 93 87 91 95 96 93 97 5
99 99 99 96 102 90 91 95 99 97 94 101 6
99 103 99 94 105 99 94 99 102 102 97 102 7
99 96 99 97 103 96 96 96 101 100 94 101 8
99 96 99 100 102 98 95 99 101 101 94 101 9
99 107 100 105 110 105 94 102 105 104 103 112 10
99 96 99 93 103 98 95 98 101 101 96 15000 11
Chip#1
110 110 106 104 105 106 102 106 94 108 105 110 0
106 109 110 97 108 109 100 106 102 109 101 106 1
105 105 114 108 107 106 107 103 106 116 105 105 2
101 104 200 204 103 187 214 100 181 215 103 102 3
105 101 164 164 99 155 175 102 156 179 105 105 4
100 109 110 99 99 109 107 106 104 115 102 102 5
101 106 176 181 104 183 206 103 173 212 105 102 6
96 102 163 167 104 147 159 102 136 165 101 99 7
102 108 109 99 104 102 106 102 106 119 107 109 8
105 109 106 94 105 166 198 108 169 212 105 106 9
99 104 100 91 101 144 167 104 138 181 99 98 10
110 112 104 98 105 105 102 104 100 111 103 15000 11
Chip#2
94 103 103 97 101 99 89 102 103 101 105 108 0
94 107 103 96 103 95 92 91 101 100 99 105 1
91 95 95 92 93 91 80 95 95 100 92 98 2
94 109 105 97 113 122 89 110 119 97 102 98 3
98 110 108 107 153 150 97 138 156 106 106 106 4
106 113 113 103 110 116 98 112 119 105 107 112 5
103 144 148 107 124 131 94 114 126 106 105 106 6
96 140 150 101 153 158 92 131 144 96 104 98 7
107 113 112 109 113 109 100 108 111 106 104 108 8
104 147 150 106 135 134 98 127 133 105 104 108 9
95 147 153 102 146 157 88 148 157 98 101 102 10
102 114 113 103 113 105 97 104 112 107 104 15000 11
Chip#3
91 80 100 92 92 81 97 97 91 93 95 107 0
102 96 107 101 103 94 100 105 99 109 104 117 1
111 103 117 106 110 104 108 112 103 113 109 118 2
97 88 104 94 97 85 95 97 94 97 94 104 3
95 85 103 97 96 91 97 101 95 102 99 109 4
106 100 109 102 100 97 103 102 94 107 104 114 5
100 90 103 98 95 90 99 98 95 105 98 111 6
105 99 107 109 110 100 107 112 102 107 100 118 7
106 94 103 102 100 97 103 105 99 106 100 117 8
101 96 116 103 100 98 104 109 98 106 99 113 9
98 96 106 94 100 91 103 101 96 106 102 115 10
112 97 111 105 113 98 107 109 105 107 107 15000 11
Chip#4
99 107 99 108 113 110 103 105 106 108 100 108 0
99 96 99 102 103 101 92 99 98 96 89 101 1
99 102 102 100 104 103 95 99 102 105 97 105 2
99 96 102 99 102 101 94 102 98 100 94 102 3
99 100 99 100 103 103 98 104 102 110 102 104 4
99 106 99 108 113 107 100 113 106 112 100 104 5
99 96 99 100 107 99 98 101 97 105 99 100 6
99 103 100 111 115 109 103 101 105 108 102 107 7
99 105 99 103 110 106 100 104 105 108 103 109 8
99 102 99 103 110 109 100 108 106 106 100 107 9
99 106 102 111 115 111 104 111 106 115 107 109 10
99 102 99 102 105 103 98 101 102 105 102 15000 11
Chip#1
104 104 102 94 103 102 96 103 96 107 102 107 0
104 108 102 95 100 98 96 100 102 103 99 101 1
105 114 121 109 104 112 113 103 109 123 102 106 2
109 117 269 266 114 240 285 114 229 273 110 107 3
97 102 196 204 100 186 218 103 192 215 105 98 4
110 116 119 116 110 119 121 110 118 126 105 110 5
105 114 216 230 111 235 274 113 211 262 112 109 6
96 106 200 196 103 177 198 100 162 204 98 101 7
99 109 109 108 105 108 107 102 105 118 101 106 8
106 116 109 102 107 207 259 115 208 254 114 106 9
105 112 102 98 108 174 214 115 176 215 111 109 10
107 112 108 101 105 106 103 104 104 112 110 15000 11
Chip#2
102 109 110 103 106 104 97 105 104 104 109 111 0
100 109 107 98 102 101 92 100 103 106 106 107 1
101 114 113 103 109 105 98 104 106 109 108 112 2
95 100 102 97 127 137 85 119 141 101 101 101 3
103 112 107 102 150 180 103 170 196 111 105 105 4
112 124 123 116 115 125 113 116 130 123 118 113 5
109 125 176 110 140 153 105 129 139 113 112 111 6
92 166 170 97 154 195 90 150 174 101 99 104 7
92 109 107 98 113 110 93 107 112 98 99 102 8
98 150 170 102 153 152 95 138 142 98 101 100 9
106 182 206 110 186 196 100 185 203 109 107 111 10
107 118 115 108 114 115 100 111 120 113 112 15000 11
Chip#3
98 90 104 101 96 94 97 101 94 103 103 109 0
101 92 108 103 96 95 97 104 94 106 100 114 1
101 94 108 107 100 104 107 113 96 109 108 114 2
101 95 109 103 104 95 103 105 101 101 103 109 3
106 96 108 107 106 100 107 114 101 107 104 113 4
105 97 111 109 106 98 109 112 105 111 109 119 5
101 93 108 102 106 98 107 112 99 107 103 115 6
101 89 102 101 96 91 101 104 90 97 95 110 7
101 100 109 109 106 100 105 109 96 103 105 119 8
107 97 113 106 106 97 105 105 102 106 99 115 9
106 99 107 106 102 100 99 102 99 98 103 115 10
123 110 120 111 121 108 112 116 105 117 110 15000 11
Chip#4
99 105 100 102 116 107 94 105 102 105 102 107 0
99 102 99 103 112 103 99 102 101 110 104 110 1
99 99 99 96 107 98 94 102 101 100 96 101 2
99 102 99 106 115 102 96 107 99 106 106 104 3
99 103 100 103 112 111 100 108 107 109 97 108 4
99 102 100 100 110 103 95 102 101 102 102 105 5
99 100 100 112 119 105 103 108 105 113 110 108 6
99 99 100 94 107 105 94 101 98 101 99 99 7
99 91 99 90 103 103 91 99 97 97 97 98 8
99 102 99 108 116 106 100 108 102 109 104 110 9
99 105 99 100 109 102 98 107 99 108 92 108 10
99 102 99 94 106 103 99 101 101 105 99 15000 11
Chip#1
109 118 110 108 116 116 107 110 110 114 111 118 0
105 109 104 95 100 108 100 103 102 109 105 106 1
106 117 123 112 110 115 118 106 113 127 106 105 2
107 117 311 313 109 278 340 115 262 326 116 109 3
116 121 229 242 119 223 273 121 220 253 122 114 4
105 109 115 112 105 121 121 106 113 131 106 106 5
106 110 244 258 111 264 310 111 239 309 111 106 6
104 109 216 229 108 199 236 104 192 215 106 106 7
110 113 113 113 109 117 121 113 117 128 111 113 8
106 110 113 104 108 223 288 115 217 291 118 111 9
104 109 105 95 104 194 245 113 217 237 107 102 10
106 112 109 101 105 106 107 106 104 112 106 15000 11
Chip#2
98 105 107 103 102 103 97 102 104 109 107 108 0
96 105 105 98 98 101 94 100 106 101 106 108 1
92 102 102 100 98 95 92 100 97 97 102 101 2
99 113 108 103 153 174 102 138 167 111 108 108 3
99 113 110 101 166 195 104 184 214 111 107 105 4
102 109 112 105 113 117 103 112 122 108 109 102 5
100 166 193 105 153 171 103 133 144 114 109 105 6
103 182 208 106 186 218 98 177 216 109 106 105 7
109 120 125 114 123 128 105 121 129 117 116 115 8
104 182 206 109 163 176 95 168 169 110 109 111 9
98 207 205 103 217 222 97 211 230 111 104 105 10
120 134 131 121 132 132 114 125 133 125 121 15000 11
Chip#3
91 84 98 84 89 80 89 96 83 90 91 103 0
100 92 108 102 103 93 100 112 92 103 100 109 1
112 104 118 113 113 112 112 113 106 117 113 121 2
106 101 116 103 106 100 108 109 101 109 109 115 3
103 94 108 106 107 95 100 106 96 105 108 115 4
111 104 120 113 103 112 112 110 105 111 112 117 5
111 99 113 105 104 101 109 109 105 109 108 113 6
111 103 124 107 113 104 112 118 105 117 110 115 7
111 100 112 110 107 107 108 109 99 105 105 118 8
100 93 111 105 104 100 105 109 99 103 99 110 9
107 103 116 99 104 98 107 113 98 107 104 111 10
124 115 124 113 125 105 115 120 113 118 117 15000 11
Chip#4
99 97 99 97 106 103 95 99 99 104 93 102 0
99 99 99 94 104 99 96 101 98 97 100 101 1
99 105 100 102 112 107 100 104 107 104 97 105 2
99 99 99 108 115 106 102 108 105 111 102 107 3
99 105 100 114 113 112 106 111 101 110 102 111 4
99 102 99 103 109 105 95 104 103 108 99 107 5
99 100 99 108 107 103 102 105 103 109 104 107 6
99 102 99 109 110 105 98 107 101 110 102 108 7
99 103 99 97 103 103 95 98 102 104 94 107 8
98 96 98 106 106 102 103 107 99 105 97 104 9
99 105 99 105 107 105 100 102 102 110 104 107 10
106 115 110 111 125 123 111 115 113 139 106 15000 11
Chip#1
113 118 110 106 112 109 104 114 108 111 113 117 0
110 109 108 98 104 104 100 107 104 105 105 107 1
110 116 128 118 112 120 126 108 117 130 106 110 2
101 110 332 337 103 294 362 103 283 344 110 94 3
114 119 247 258 119 227 274 115 225 266 117 117 4
114 117 125 117 112 127 129 110 124 135 106 110 5
113 122 275 287 118 291 342 122 269 342 120 111 6
114 122 248 258 118 219 263 117 208 247 118 118 7
110 112 117 113 113 119 125 115 117 131 112 113 8
114 116 113 104 112 245 312 122 239 311 120 113 9
105 110 106 99 108 210 269 115 239 259 113 111 10
114 114 114 108 109 113 111 108 114 115 114 15000 11
Chip#2
103 112 107 107 108 109 99 108 108 102 113 117 0
104 115 107 109 107 103 93 105 112 102 106 113 1
107 115 111 111 113 112 97 110 116 110 109 112 2
92 98 97 100 146 177 89 141 170 100 97 104 3
109 117 117 111 185 223 108 215 255 117 112 112 4
104 115 113 111 113 118 98 121 127 113 109 113 5
99 182 207 107 146 174 98 137 155 109 104 102 6
105 202 207 115 211 248 105 198 230 114 108 113 7
103 117 123 107 123 127 94 119 127 106 107 111 8
113 203 215 116 183 195 103 187 192 114 114 116 9
103 231 263 114 240 247 99 233 255 108 106 104 10
111 122 123 106 120 121 105 120 128 111 109 15000 11
Chip#3
111 97 115 111 117 95 109 116 96 109 112 121 0
108 94 115 107 109 97 107 109 101 109 110 117 1
112 104 121 118 111 108 113 121 109 120 118 125 2
111 103 117 115 110 110 109 112 102 115 109 122 3
109 97 109 111 108 101 108 112 99 109 105 114 4
103 103 115 113 106 105 108 110 101 109 117 114 5
111 103 118 115 107 105 111 112 107 115 110 122 6
106 99 115 109 111 104 108 113 103 109 107 119 7
114 105 122 115 117 111 119 114 109 114 113 125 8
109 108 126 123 121 114 117 121 110 113 115 123 9
108 100 115 111 111 98 104 109 98 107 105 111 10
126 114 122 114 122 105 111 114 110 117 113 15000 11
Chip#4
99 102 102 105 109 105 98 102 105 108 100 111 0
99 103 106 111 113 113 100 105 111 113 103 112 1
99 100 98 103 113 106 102 105 101 109 102 111 2
99 94 106 103 105 102 95 101 99 105 99 98 3
99 106 104 116 117 111 104 116 109 115 110 114 4
99 104 107 111 110 107 99 108 105 106 102 107 5
99 106 106 112 115 109 103 111 105 110 107 111 6
99 105 102 114 115 107 98 108 106 111 103 105 7
99 106 103 102 112 105 92 110 107 110 99 109 8
99 100 99 106 110 107 106 111 105 109 103 104 9
101 109 107 111 119 115 108 118 113 139 113 112 10
99 110 106 111 122 112 107 108 113 110 102 15000 11
