Chip#1
92 99 98 93 96 92 101 92 92 93 94 98 0
90 101 95 92 98 98 101 97 94 93 95 99 1
103 101 100 104 104 98 101 96 95 99 99 104 2
95 101 102 98 104 102 101 99 102 103 105 98 3
103 104 100 98 104 99 102 96 101 103 100 101 4
101 100 102 100 104 104 105 103 104 104 105 105 5
101 104 100 101 104 103 105 103 101 100 104 104 6
98 106 97 102 104 96 103 98 100 98 105 100 7
100 106 102 103 104 102 101 102 105 100 105 105 8
95 96 99 98 104 96 101 95 92 95 98 99 9
96 103 97 103 104 100 101 104 99 99 99 101 10
106 104 97 98 104 103 103 108 100 100 101 15000 11
