Chip#1
92 195 256 24 188 0 205 237 264 203 86 152 0
88 195 246 24 188 0 205 237 264 219 84 151 1
88 195 252 24 188 0 205 237 264 203 85 151 2
95 195 255 22 188 11 205 237 264 219 89 151 3
98 195 259 34 188 11 205 237 264 219 89 156 4
92 195 258 25 188 11 213 237 264 219 93 159 5
84 195 251 17 188 0 205 237 264 219 85 150 6
84 195 246 19 188 0 205 237 264 203 84 149 7
83 195 247 20 188 0 205 237 264 203 80 145 8
92 195 250 20 188 0 205 237 264 219 81 146 9
92 195 247 24 188 0 213 237 264 219 88 151 10
88 195 249 25 188 0 205 237 264 219 84 15000 11
Chip#1
89 195 255 30 188 11 213 237 264 219 81 149 0
91 195 252 24 188 0 205 237 264 219 83 154 1
96 195 259 30 188 11 213 237 264 219 92 155 2
88 195 251 24 188 0 205 237 264 219 84 149 3
81 195 249 15 188 0 205 237 264 203 77 144 4
88 195 254 29 188 11 213 237 264 219 84 149 5
87 195 254 22 188 0 205 237 264 203 80 151 6
88 195 258 21 188 11 213 237 264 219 84 149 7
92 195 254 30 188 11 213 237 264 219 86 152 8
88 195 218 29 188 0 205 237 264 203 83 153 9
95 195 255 26 188 0 213 237 264 219 90 156 10
92 195 254 28 188 0 205 237 264 203 83 15000 11
Chip#1
95 195 258 31 188 0 205 237 264 219 92 161 0
118 195 254 30 188 0 261 245 264 235 102 155 1
139 203 273 40 188 27 277 261 264 251 112 165 2
103 195 259 39 188 0 213 237 264 219 101 158 3
112 195 259 34 188 11 309 293 264 235 98 158 4
109 195 258 36 188 11 277 261 264 235 101 160 5
94 195 259 39 188 11 229 237 264 235 93 163 6
110 195 261 52 196 11 309 293 264 235 113 159 7
99 195 252 35 188 0 277 261 264 235 98 149 8
94 195 255 34 188 11 213 237 264 219 93 158 9
56 195 260 44 188 0 277 293 264 235 110 160 10
109 195 260 39 188 11 261 261 264 235 105 15000 11
Chip#1
98 195 259 33 188 11 213 237 264 219 97 160 0
142 219 267 39 196 11 293 277 264 251 117 161 1
145 219 267 38 196 11 293 277 264 251 112 152 2
107 195 268 39 196 27 245 245 264 235 101 164 3
120 195 264 44 180 27 357 341 264 251 113 158 4
121 195 264 47 180 11 293 277 264 235 111 164 5
102 195 264 44 196 27 245 245 264 251 101 164 6
112 195 265 62 196 11 341 325 264 251 125 160 7
110 195 265 49 196 27 325 309 264 251 113 160 8
106 195 268 42 188 11 229 237 264 235 103 161 9
120 195 267 46 196 27 325 325 264 251 125 164 10
114 195 263 42 196 11 277 277 264 235 108 15000 11
Chip#1
101 195 256 34 188 11 213 237 264 219 94 156 0
146 219 263 42 188 11 309 293 264 251 117 159 1
155 251 277 43 196 27 325 309 264 267 131 165 2
102 195 260 29 188 11 229 237 264 219 90 155 3
128 203 265 46 196 27 389 357 264 251 115 161 4
120 195 261 43 196 27 325 309 264 235 106 159 5
102 195 263 38 188 27 229 245 264 235 98 161 6
123 195 264 73 212 27 389 373 264 267 136 164 7
127 195 267 54 196 27 325 309 264 251 122 168 8
101 195 259 33 188 11 229 237 264 235 96 161 9
118 195 268 48 196 11 341 357 264 251 122 159 10
124 195 267 49 196 27 309 309 264 251 117 15000 11
Chip#1
96 195 259 29 188 11 213 237 264 219 93 159 0
151 219 264 41 188 11 309 293 264 267 124 161 1
164 219 273 40 188 11 309 293 264 251 124 159 2
103 195 263 35 188 11 245 237 264 219 97 154 3
129 195 269 44 196 27 461 373 264 251 115 159 4
114 195 259 38 180 11 325 309 264 235 107 150 5
105 195 267 42 180 11 229 237 264 235 103 164 6
120 195 261 66 212 27 389 373 264 267 136 155 7
72 195 267 56 196 11 341 325 264 251 121 161 8
101 195 259 39 188 0 229 237 264 219 101 161 9
118 195 264 46 196 11 357 357 264 267 122 164 10
121 195 264 46 196 11 293 293 264 251 116 15000 11
