Chip#1
101 113 105 99 107 108 104 103 106 109 102 107 0
99 105 99 101 104 101 95 103 103 101 98 97 1
95 100 99 97 100 100 96 96 97 99 93 97 2
104 110 106 110 107 113 110 103 109 109 97 103 3
101 105 104 99 103 104 102 95 104 104 94 105 4
91 97 96 90 93 96 95 93 97 96 90 98 5
93 104 102 95 100 105 102 96 101 100 95 97 6
96 101 100 95 99 98 102 93 94 100 94 98 7
96 101 95 93 95 93 96 89 97 97 91 94 8
96 102 101 95 101 102 103 99 104 111 95 97 9
99 104 99 95 99 106 103 95 97 108 98 101 10
96 106 100 97 100 96 94 99 99 104 98 101 15000 11
Chip#2
106 107 103 105 107 104 99 110 110 109 105 113 0
95 100 95 100 97 95 89 103 99 100 99 101 1
90 94 92 96 98 92 85 98 95 97 96 98 2
109 114 111 108 114 113 107 111 115 109 114 110 3
92 103 96 98 102 103 94 100 104 102 103 100 4
98 100 103 102 98 106 93 104 103 106 105 104 5
106 110 106 106 107 103 97 107 107 105 109 107 6
103 112 103 106 108 109 95 108 107 109 111 107 7
103 109 110 102 106 105 103 111 110 108 108 111 8
100 100 98 97 103 104 95 100 98 104 104 102 9
100 107 108 107 109 108 100 104 106 106 109 106 10
99 107 103 102 103 104 95 104 106 109 103 102 15000 11
Chip#3
97 92 99 94 92 88 99 100 94 93 98 103 0
102 90 104 97 99 95 100 100 96 94 99 109 1
101 96 109 103 104 100 107 106 103 98 107 110 2
103 94 108 98 102 98 107 106 95 98 100 106 3
105 90 106 98 100 94 105 97 95 97 98 109 4
103 93 112 103 100 101 105 105 103 106 108 114 5
93 88 102 90 91 93 100 106 91 97 91 106 6
105 93 106 97 102 95 101 104 99 106 99 110 7
106 101 107 102 102 103 111 101 98 102 99 111 8
100 90 100 98 102 91 105 102 96 97 94 101 9
98 90 102 93 102 94 100 101 95 93 98 106 10
90 84 99 92 89 87 89 100 87 89 90 98 15000 11
Chip#4
99 96 100 99 103 105 99 96 101 108 97 102 0
99 100 99 100 103 107 103 102 105 109 103 105 1
99 99 102 100 106 102 99 99 101 106 104 105 2
99 97 102 99 109 109 99 101 102 106 99 107 3
99 90 102 97 103 99 96 98 98 100 97 107 4
99 89 99 96 103 101 98 96 98 102 94 102 5
93 94 99 97 109 98 99 98 98 102 99 105 6
95 96 99 97 106 99 95 95 97 104 94 101 7
99 94 99 99 107 102 100 107 99 104 96 102 8
99 97 100 105 110 102 103 99 106 109 100 111 9
99 90 99 94 102 99 92 95 99 101 96 104 10
99 96 99 99 110 106 102 101 103 106 97 107 15000 11
Chip#1
99 104 101 93 101 100 100 97 99 100 102 103 0
95 97 97 94 99 98 98 93 97 99 101 95 1
106 110 106 106 111 106 106 106 106 108 106 106 2
101 102 108 108 104 104 104 102 104 105 98 99 3
107 110 114 109 115 115 111 102 109 114 109 105 4
101 108 102 98 105 109 104 102 101 103 102 105 5
101 104 108 105 108 113 113 102 109 104 103 101 6
101 108 108 106 111 108 107 102 106 105 105 102 7
101 106 105 104 105 112 104 99 105 108 102 106 8
99 105 102 95 104 112 111 99 105 115 104 105 9
99 97 100 89 101 102 106 99 101 109 97 99 10
105 105 100 93 101 105 100 97 102 104 98 102 15000 11
Chip#2
96 104 102 101 97 101 92 103 104 102 107 104 0
96 107 96 98 97 100 97 102 106 104 103 106 1
98 99 98 101 99 96 93 106 101 98 103 104 2
95 101 100 100 102 104 92 105 104 102 105 104 3
98 109 108 107 108 106 98 107 113 104 111 104 4
98 105 101 105 102 96 93 100 98 100 103 101 5
87 100 103 94 95 92 92 96 95 91 96 95 6
96 109 106 103 108 108 94 106 106 104 111 106 7
102 110 108 102 107 104 102 108 107 107 109 105 8
95 110 106 107 101 101 94 107 102 102 105 108 9
99 115 111 103 108 105 94 106 104 105 111 102 10
96 103 97 100 99 101 94 102 102 101 105 102 15000 11
Chip#3
105 90 106 97 99 94 101 102 95 98 97 109 0
101 96 106 102 99 100 101 105 101 102 103 106 1
103 94 100 102 104 100 107 105 101 106 99 109 2
98 97 106 99 100 102 104 101 99 102 99 107 3
102 96 109 105 102 98 108 106 105 103 94 111 4
97 89 98 96 97 93 99 98 94 93 98 103 5
101 93 99 97 95 93 103 98 99 101 97 103 6
103 93 109 101 103 97 103 102 102 102 104 110 7
106 99 111 102 104 105 107 106 105 97 102 114 8
100 89 106 97 97 97 101 101 94 95 94 103 9
103 97 106 103 102 100 104 101 98 99 102 107 10
107 100 108 107 104 105 109 109 98 103 107 114 15000 11
Chip#4
99 100 103 100 107 107 100 104 102 106 99 105 0
92 92 99 97 102 99 91 98 97 102 96 104 1
99 97 102 102 113 107 99 104 99 108 102 102 2
99 94 102 99 100 106 99 95 99 106 96 102 3
99 105 99 108 107 106 99 102 99 104 96 107 4
99 102 100 102 112 103 98 107 101 104 100 105 5
99 91 100 97 100 98 94 96 99 105 96 102 6
99 102 100 106 113 107 103 107 101 108 107 114 7
99 94 99 97 102 102 98 101 96 105 97 102 8
99 99 99 97 109 111 102 104 103 109 100 108 9
99 94 102 105 109 105 102 107 98 106 103 107 10
99 93 102 96 102 102 100 99 103 102 99 98 15000 11
Chip#1
109 114 114 105 116 112 106 104 109 111 105 110 0
104 109 105 102 107 108 102 100 110 109 106 102 1
101 108 112 106 108 108 113 100 99 103 98 97 2
107 113 221 225 112 213 260 111 128 134 107 102 3
100 106 178 185 108 168 201 103 116 123 105 102 4
99 102 105 99 101 110 111 97 104 104 103 97 5
107 115 201 220 118 233 274 108 130 146 109 107 6
101 109 184 204 112 181 216 104 120 127 108 105 7
105 114 109 108 105 113 118 108 110 119 104 105 8
102 112 106 97 105 190 252 108 208 229 109 103 9
109 110 109 102 116 179 218 113 173 215 113 113 10
111 118 109 105 111 108 113 110 112 118 105 110 15000 11
Chip#2
109 113 110 108 108 110 102 111 108 111 114 113 0
100 103 102 100 98 101 95 102 99 104 105 108 1
99 109 102 103 103 108 97 108 106 106 107 111 2
96 104 102 102 121 144 94 116 132 102 103 100 3
102 115 105 106 149 185 102 159 179 118 113 107 4
96 112 108 101 103 113 98 111 115 101 105 106 5
102 148 155 105 132 149 99 100 107 102 106 102 6
100 157 163 103 156 195 97 107 108 104 104 101 7
95 101 100 97 101 103 92 96 97 94 96 100 8
109 155 153 109 142 150 104 108 113 105 106 110 9
103 157 170 106 159 181 99 106 113 106 106 102 10
111 127 111 110 113 117 105 111 115 113 117 112 15000 11
Chip#3
106 95 107 99 102 98 108 102 99 97 99 105 0
112 103 112 105 104 108 113 109 111 114 105 111 1
107 103 113 107 111 157 158 109 151 162 114 113 2
109 100 108 103 108 141 134 106 133 139 98 115 3
106 97 104 103 103 111 113 106 101 105 100 110 4
107 97 115 105 110 164 158 110 143 155 107 113 5
105 93 106 101 108 136 134 109 134 143 99 105 6
114 107 117 110 118 111 121 113 110 114 104 119 7
102 99 153 147 108 155 158 102 99 99 98 110 8
109 104 157 136 110 150 142 108 101 102 103 113 9
114 108 112 111 113 108 116 112 109 109 112 118 10
117 107 116 102 111 100 108 113 101 103 105 113 15000 11
Chip#4
99 103 104 108 113 106 102 105 107 108 104 108 0
99 97 99 100 106 103 96 96 102 104 99 107 1
99 99 99 94 105 101 96 101 102 101 94 102 2
99 102 103 109 120 107 103 110 105 109 104 109 3
99 103 99 106 112 102 98 110 106 112 102 111 4
99 105 99 105 112 106 99 104 103 108 106 109 5
99 94 99 103 107 99 99 104 103 106 103 104 6
99 107 103 109 113 107 106 105 106 109 104 109 7
99 107 99 103 110 102 102 102 101 108 100 107 8
99 100 99 102 109 98 96 105 105 105 100 102 9
99 99 100 102 107 106 100 104 103 105 104 108 10
99 107 106 105 117 110 104 107 113 110 104 109 15000 11
Chip#1
110 119 117 108 119 115 109 111 110 118 110 111 0
111 114 110 106 112 112 111 110 113 119 112 117 1
106 116 127 116 111 120 130 106 110 112 105 109 2
105 112 314 318 107 288 362 108 132 144 109 106 3
106 109 227 240 109 219 273 102 121 134 99 99 4
106 113 115 113 107 127 133 110 108 114 105 105 5
104 114 271 290 116 318 384 113 134 155 104 106 6
111 117 252 265 120 236 284 113 124 138 108 111 7
109 119 119 116 116 125 134 114 122 136 112 114 8
100 109 100 91 105 256 338 113 248 320 110 102 9
104 109 104 94 107 220 286 113 209 271 110 99 10
113 116 108 102 118 113 119 106 113 118 113 109 15000 11
Chip#2
104 112 108 106 110 108 105 107 107 111 109 110 0
106 108 107 106 107 105 107 107 110 111 113 115 1
108 114 111 105 106 106 104 108 111 111 109 115 2
104 114 101 103 158 195 99 144 180 111 107 112 3
107 110 107 107 205 254 110 220 255 121 116 107 4
103 112 110 112 117 123 102 123 127 107 113 107 5
101 182 212 106 155 196 99 108 108 106 105 104 6
109 206 212 110 236 280 108 116 125 111 114 107 7
107 124 118 109 123 126 107 110 111 109 108 111 8
106 182 204 105 169 194 98 107 111 109 109 104 9
105 215 204 112 236 255 102 116 120 105 111 105 10
119 127 123 116 130 128 110 116 122 122 121 115 15000 11
Chip#3
107 104 112 109 110 107 108 110 106 110 107 117 0
102 97 111 101 109 134 129 112 125 141 103 113 1
121 111 124 118 129 316 299 133 278 328 137 131 2
113 108 116 110 115 263 226 118 240 248 109 114 3
108 100 116 109 110 136 142 114 118 122 108 115 4
118 110 121 118 125 332 318 134 282 320 125 123 5
113 105 116 110 117 263 235 118 269 282 117 117 6
113 110 138 122 120 131 129 113 105 111 110 121 7
116 133 328 291 133 344 306 121 107 114 115 123 8
111 119 280 240 122 294 249 113 105 109 107 115 9
116 110 116 109 110 105 112 114 103 110 109 119 10
122 108 121 116 119 114 117 120 110 115 115 125 15000 11
Chip#4
99 107 102 108 113 111 104 108 110 109 107 109 0
99 104 106 112 117 114 110 108 111 108 112 114 1
102 106 103 106 120 109 108 107 109 113 113 114 2
99 112 100 121 126 110 114 117 106 118 112 115 3
101 105 108 116 123 110 110 117 113 114 112 111 4
99 103 100 111 110 109 107 107 103 106 102 112 5
99 103 103 116 122 109 116 120 106 121 112 112 6
99 103 99 116 119 109 107 111 102 108 106 108 7
99 109 106 106 113 111 106 108 107 113 104 109 8
99 103 100 106 113 103 112 111 101 115 107 102 9
99 107 106 112 119 112 118 117 109 123 114 114 10
99 105 100 106 110 110 104 104 111 108 103 105 15000 11
Chip#1
114 114 118 110 118 112 111 108 112 115 112 109 0
116 123 118 114 119 119 115 113 120 119 114 118 1
107 110 151 137 114 140 152 104 113 116 107 107 2
110 123 553 563 120 503 670 124 133 147 108 109 3
114 114 374 410 119 363 471 115 133 143 112 111 4
109 114 139 134 115 154 167 118 112 118 110 107 5
102 118 474 516 119 550 698 121 140 154 102 109 6
109 118 424 517 123 382 477 118 133 139 110 110 7
116 119 125 126 122 139 154 115 132 144 108 114 8
110 110 108 104 111 444 618 128 423 595 130 109 9
109 113 108 101 115 355 501 124 338 486 125 111 10
116 119 117 108 119 120 125 114 120 128 112 113 15000 11
Chip#2
103 120 116 110 113 113 108 111 117 117 123 123 0
104 117 110 111 110 109 103 114 113 109 118 121 1
96 108 107 106 109 109 95 106 106 109 112 113 2
111 118 112 112 219 288 112 197 246 119 114 118 3
112 122 118 116 314 411 123 307 405 128 121 118 4
107 114 117 110 126 140 104 137 151 115 116 112 5
111 280 315 120 219 270 112 121 121 114 122 119 6
105 315 352 123 364 463 114 127 130 115 114 111 7
108 133 126 115 141 153 108 116 117 114 114 115 8
111 259 284 119 247 272 109 118 119 111 116 113 9
111 327 346 123 371 401 104 124 125 118 116 107 10
115 134 127 116 134 140 107 118 117 114 118 111 15000 11
Chip#3
116 100 118 111 118 110 120 117 113 110 112 121 0
102 90 100 97 104 175 158 98 150 176 102 111 1
122 112 125 119 155 627 591 157 520 615 168 132 2
117 107 118 113 135 469 430 126 400 449 133 122 3
107 101 107 107 111 179 174 112 134 143 104 114 4
106 103 113 106 140 660 654 144 526 625 138 109 5
107 99 117 110 122 464 443 128 474 540 123 113 6
114 107 163 136 122 155 142 116 113 118 109 122 7
125 168 607 519 163 633 573 126 113 114 115 125 8
117 137 510 413 141 528 455 120 107 107 110 115 9
121 112 126 122 122 118 121 118 117 113 112 122 10
136 115 121 111 122 115 119 118 118 119 119 119 15000 11
Chip#4
99 102 102 108 109 106 102 99 105 111 100 109 0
101 107 110 115 117 110 107 107 110 111 109 118 1
99 105 100 105 109 105 99 101 102 108 100 107 2
99 97 103 124 132 98 122 121 101 109 103 105 3
99 105 100 119 126 106 114 117 106 111 102 107 4
99 107 106 111 110 107 107 108 109 110 107 114 5
99 106 110 136 130 109 142 133 109 139 109 112 6
99 106 104 122 129 107 112 116 106 110 104 112 7
99 103 103 111 112 110 104 107 106 114 100 111 8
99 104 104 108 115 109 142 126 107 139 120 112 9
102 112 107 114 123 111 142 127 114 139 127 114 10
106 113 110 111 120 115 110 113 118 118 112 117 15000 11
Chip#1
113 118 112 106 115 115 115 111 109 115 106 111 0
116 117 112 116 116 120 110 111 113 118 113 114 1
105 109 139 130 108 127 144 103 106 114 101 107 2
113 118 499 514 119 476 638 123 137 149 106 110 3
115 121 346 376 120 347 457 123 128 146 116 117 4
109 118 131 132 113 151 163 111 112 119 109 113 5
105 113 458 500 122 533 673 119 141 154 106 107 6
102 114 399 436 116 363 463 114 124 134 105 106 7
107 112 115 121 114 131 145 113 121 142 104 113 8
111 109 106 102 119 415 571 127 394 555 132 107 9
106 112 108 99 111 334 468 124 319 454 125 110 10
109 112 109 105 115 119 122 107 113 124 106 111 15000 11
Chip#2
117 125 118 116 115 118 115 123 126 127 129 133 0
107 114 107 108 110 112 110 118 115 117 121 123 1
113 122 117 117 118 123 113 118 122 117 121 122 2
108 120 117 114 232 315 115 211 260 119 114 117 3
112 114 112 114 335 446 122 332 433 132 114 112 4
111 122 122 112 130 152 105 137 160 110 112 113 5
115 315 357 119 240 308 113 124 120 122 113 116 6
109 351 403 126 402 529 120 124 127 115 116 116 7
109 133 128 112 146 158 107 114 113 113 108 113 8
104 275 308 119 272 307 110 118 117 111 112 112 9
116 362 381 120 414 469 112 129 132 119 113 116 10
120 142 132 119 146 152 109 119 124 121 118 117 15000 11
Chip#3
117 107 117 110 117 112 111 117 114 113 112 131 0
102 94 108 107 110 185 174 112 155 192 108 117 1
109 103 113 110 146 655 620 145 525 634 164 117 2
123 115 125 114 133 507 452 133 417 474 133 129 3
108 100 115 109 114 186 158 118 134 149 105 115 4
113 107 122 117 150 694 700 153 573 688 154 121 5
116 108 118 113 129 493 459 136 524 600 134 119 6
119 107 166 147 122 161 158 117 114 120 112 125 7
108 159 621 533 158 664 593 124 102 107 107 121 8
116 142 524 430 143 556 471 122 111 111 108 118 9
113 105 118 103 104 107 112 109 103 103 104 113 10
134 112 120 115 122 120 117 122 115 117 113 121 15000 11
Chip#4
99 102 104 111 122 112 106 114 107 111 107 118 0
99 106 107 112 116 111 111 113 109 117 103 121 1
99 107 107 109 119 111 111 110 110 114 104 114 2
99 113 110 149 149 122 158 145 113 139 114 119 3
99 109 106 136 139 115 142 132 111 139 113 118 4
99 105 104 109 115 111 107 113 103 113 102 112 5
99 110 111 150 143 111 142 151 113 139 113 124 6
99 106 104 131 136 109 142 127 109 111 112 117 7
99 107 106 105 112 105 110 108 109 111 100 112 8
99 113 109 115 120 115 142 142 117 139 133 118 9
102 113 113 116 129 116 142 142 114 155 130 119 10
103 110 108 114 123 115 111 114 117 117 104 115 15000 11
