Chip#1
97 106 99 89 97 97 92 102 93 103 97 101 0
105 109 109 97 109 101 100 107 102 114 106 109 1
105 110 104 98 107 100 100 104 100 107 98 106 2
96 102 97 94 97 97 98 95 93 99 94 97 3
102 110 110 101 104 104 99 106 99 111 101 102 4
102 108 102 93 105 98 91 102 100 105 99 106 5
97 102 106 98 101 101 99 97 94 101 98 98 6
97 100 101 98 97 100 95 100 97 103 101 102 7
99 101 95 90 97 97 91 96 93 96 97 99 8
101 112 102 98 103 106 103 108 102 114 105 102 9
100 104 100 87 95 96 91 100 96 105 94 98 10
100 105 100 98 100 101 96 103 99 109 101 101 15000 11
Chip#2
100 112 111 110 109 109 98 102 110 110 105 115 0
106 109 108 111 106 109 97 103 110 110 107 112 1
96 104 105 103 104 104 94 98 104 104 99 111 2
95 101 101 102 99 101 87 95 98 101 97 102 3
95 109 103 103 103 103 94 104 106 105 103 106 4
94 100 102 98 99 99 88 98 102 98 98 105 5
99 109 106 101 102 104 95 102 106 105 105 108 6
102 112 115 106 108 112 99 104 110 108 105 112 7
100 110 111 106 107 108 98 103 106 110 106 110 8
111 112 117 112 112 108 99 107 107 113 109 117 9
111 115 117 111 112 115 102 110 115 111 109 115 10
101 105 103 103 101 97 92 95 103 102 101 107 15000 11
Chip#3
95 84 98 92 96 81 96 98 94 93 96 105 0
98 96 109 99 102 94 104 108 102 102 102 115 1
95 88 103 99 100 90 107 104 94 91 103 111 2
98 88 103 94 96 93 96 105 96 97 99 105 3
97 85 99 99 97 91 99 98 91 94 98 103 4
93 90 103 92 99 88 99 102 91 98 95 106 5
102 94 107 101 102 97 105 105 99 102 104 113 6
96 89 103 97 100 88 100 102 94 95 102 111 7
106 103 116 107 103 95 109 108 98 101 102 114 8
97 92 108 101 104 90 107 104 95 94 103 110 9
98 94 106 101 99 88 103 106 98 98 103 111 10
97 89 99 97 103 81 97 101 91 93 98 108 15000 11
Chip#4
99 99 99 99 104 97 94 95 98 104 93 102 0
99 99 99 100 106 98 94 95 101 102 97 104 1
99 100 99 99 107 98 94 96 102 108 94 101 2
99 96 99 97 102 96 95 98 96 104 92 105 3
99 93 99 99 106 101 94 101 101 104 93 102 4
99 100 99 103 112 103 99 102 99 106 96 109 5
92 93 99 99 106 98 95 101 97 105 96 108 6
95 99 98 96 106 101 91 98 99 101 94 101 7
106 94 106 94 105 101 94 98 99 104 92 102 8
92 94 99 102 107 102 95 102 96 101 96 105 9
106 99 99 103 109 101 96 102 97 105 97 104 10
106 100 99 108 110 107 100 104 103 108 96 110 15000 11
Chip#1
101 104 105 94 101 97 96 102 94 103 99 106 0
96 100 95 86 95 93 87 95 98 95 95 94 1
106 108 105 99 104 102 99 110 104 111 103 105 2
105 108 113 110 103 112 113 110 102 107 101 105 3
105 108 105 105 101 105 103 104 101 107 102 102 4
102 110 101 99 101 97 92 108 96 107 101 105 5
97 104 110 108 99 108 106 99 97 101 95 94 6
109 117 123 118 116 117 114 114 108 115 110 115 7
104 109 105 97 104 101 98 106 101 108 101 107 8
104 106 110 97 103 108 107 107 110 119 105 106 9
109 114 109 105 105 108 110 114 112 123 106 110 10
104 113 108 98 101 104 96 100 99 105 103 109 15000 11
Chip#2
107 109 112 107 109 110 98 106 110 110 107 113 0
95 104 102 101 99 99 88 100 104 102 103 107 1
96 108 100 101 101 100 92 98 104 105 103 110 2
95 109 106 105 103 104 92 105 110 109 104 106 3
106 112 111 106 112 122 99 114 116 110 107 111 4
96 105 103 102 103 100 90 103 104 96 103 104 5
91 104 105 103 102 103 89 99 97 104 101 100 6
102 114 112 103 112 113 89 104 107 106 108 104 7
92 101 98 101 103 101 93 103 102 100 99 101 8
95 108 106 102 101 100 84 95 101 96 101 99 9
92 103 103 100 104 104 88 95 101 109 103 99 10
100 104 102 106 102 100 92 99 103 102 103 105 15000 11
Chip#3
95 86 100 94 100 84 96 98 90 94 95 105 0
97 89 107 98 102 90 96 109 99 101 102 109 1
102 106 111 111 103 104 112 112 103 106 108 114 2
105 97 112 107 104 97 107 106 109 110 103 117 3
114 99 116 110 108 101 111 110 105 110 110 118 4
103 96 106 106 100 105 111 106 109 110 104 111 5
103 93 103 101 102 93 104 101 102 106 95 111 6
92 86 100 94 97 84 93 96 90 89 93 106 7
92 86 106 101 99 93 100 100 91 94 97 107 8
105 96 115 102 102 100 104 106 98 97 99 111 9
100 94 104 98 99 98 100 104 94 99 100 111 10
101 96 104 106 104 95 100 109 98 102 103 110 15000 11
Chip#4
106 100 99 100 110 102 95 104 101 108 97 107 0
106 93 99 105 107 102 95 102 103 105 99 107 1
106 99 99 102 109 105 102 102 101 106 94 108 2
106 92 98 93 105 99 95 95 96 101 89 101 3
106 97 99 97 107 101 99 101 99 108 97 105 4
106 94 99 96 100 102 94 101 101 100 92 101 5
122 96 99 102 107 99 96 102 102 104 96 105 6
106 102 102 102 109 101 98 102 103 108 99 108 7
106 94 99 99 106 98 100 105 103 104 96 102 8
106 99 99 99 110 105 100 105 103 108 93 108 9
106 96 99 105 103 102 98 107 99 102 89 98 10
106 96 99 96 102 101 98 99 99 100 92 100 15000 11
Chip#1
106 112 106 98 111 104 102 107 102 107 105 105 0
99 104 100 99 103 102 96 104 97 101 105 105 1
106 110 113 102 108 109 107 108 102 111 106 107 2
97 104 166 175 100 173 201 103 104 108 98 95 3
102 114 148 144 105 148 164 107 104 109 102 102 4
105 110 106 98 101 105 102 108 99 109 102 106 5
111 117 182 185 111 179 204 115 113 119 111 110 6
105 113 167 173 108 150 155 111 112 114 105 109 7
102 106 105 102 104 109 107 108 102 112 103 102 8
99 108 99 100 101 152 187 108 149 185 102 102 9
105 112 105 97 108 143 162 108 144 171 106 109 10
99 105 95 89 92 93 92 97 96 97 93 94 15000 11
Chip#2
95 100 106 102 106 99 88 103 101 104 99 105 0
100 112 111 107 104 104 93 105 107 107 108 112 1
108 109 117 114 112 109 99 108 113 117 112 116 2
98 112 115 107 146 175 100 136 162 110 105 111 3
92 104 107 107 168 205 92 185 214 108 96 97 4
92 101 103 98 106 109 87 102 116 98 98 96 5
102 182 209 112 146 170 97 106 106 106 105 107 6
100 182 209 115 192 231 98 111 111 105 106 110 7
95 117 120 103 115 122 95 102 106 102 101 101 8
107 166 202 117 170 193 104 116 115 113 109 115 9
98 182 202 106 212 228 93 111 110 107 101 108 10
100 114 113 107 117 116 90 104 103 105 103 106 15000 11
Chip#3
103 97 109 101 106 97 109 114 103 102 105 119 0
101 97 106 102 107 132 132 108 121 138 103 114 1
93 90 98 96 115 329 312 112 270 317 123 110 2
96 89 103 96 102 271 234 106 234 255 107 109 3
105 97 108 111 113 131 134 116 117 129 105 119 4
107 100 111 106 126 325 315 128 316 364 124 118 5
98 94 107 107 117 260 226 117 273 314 110 111 6
105 99 124 118 108 118 120 108 102 109 104 110 7
98 118 320 281 119 318 286 108 92 97 94 111 8
108 116 285 241 118 286 243 121 106 109 112 121 9
107 103 111 106 110 101 109 110 99 95 105 114 10
100 93 97 94 97 78 95 97 92 94 97 101 15000 11
Chip#4
93 89 96 99 102 98 96 98 91 101 87 97 0
106 97 106 99 106 102 92 101 99 104 94 102 1
99 96 99 97 110 105 99 105 103 106 96 107 2
95 96 98 106 115 96 106 105 97 102 94 107 3
106 96 106 112 110 101 102 107 101 104 96 105 4
106 99 98 103 106 99 95 102 99 100 93 101 5
84 87 94 106 109 96 99 104 96 102 90 98 6
99 104 102 119 120 110 107 114 102 106 102 107 7
99 97 99 105 109 102 100 104 105 106 99 108 8
99 96 99 102 109 102 106 111 99 110 100 107 9
99 96 99 102 110 103 104 110 101 109 106 105 10
99 102 100 102 116 106 99 105 106 106 96 107 15000 11
Chip#1
106 104 99 98 104 101 98 106 98 104 102 102 0
102 105 104 95 101 104 95 104 99 104 99 105 1
102 110 117 108 105 110 114 106 102 107 105 105 2
109 116 233 231 112 240 288 115 116 128 107 114 3
114 119 192 196 114 191 229 115 118 123 110 111 4
97 105 106 101 96 105 113 100 97 99 95 99 5
106 110 230 244 103 237 275 113 114 122 103 105 6
102 109 214 220 112 186 217 113 108 119 104 106 7
104 109 108 98 107 106 111 106 106 119 102 105 8
97 104 102 98 100 215 274 111 224 254 105 103 9
101 108 102 90 101 181 232 113 178 219 102 101 10
100 109 102 94 101 104 96 107 102 112 102 102 15000 11
Chip#2
98 103 105 103 107 104 94 103 103 106 109 112 0
99 107 110 109 106 100 94 102 104 102 109 111 1
111 120 118 124 119 118 104 119 126 119 121 124 2
111 119 122 117 170 211 105 163 206 117 119 121 3
104 113 111 114 229 285 104 233 283 118 108 110 4
106 115 120 111 128 134 103 127 139 111 109 113 5
99 226 263 110 165 197 94 105 107 102 105 106 6
101 248 279 112 255 316 102 112 112 101 105 110 7
104 128 127 116 129 137 98 112 116 108 111 113 8
102 205 231 108 190 211 95 103 108 101 105 113 9
105 258 273 115 287 310 97 112 116 106 111 112 10
111 129 127 115 131 131 104 115 119 114 116 116 15000 11
Chip#3
103 92 106 99 102 90 97 112 99 99 102 115 0
109 105 115 115 114 150 142 114 141 158 113 123 1
103 100 111 103 128 414 398 125 336 400 137 117 2
106 108 112 107 122 321 282 114 270 300 117 113 3
108 99 109 107 111 140 134 110 121 127 103 113 4
96 94 100 101 115 384 398 124 365 435 124 106 5
109 112 117 119 121 300 275 130 347 393 129 123 6
106 101 139 123 113 127 125 113 106 109 108 114 7
102 130 383 335 126 392 346 110 98 97 100 114 8
112 121 343 285 129 339 292 114 110 111 108 118 9
105 97 113 109 108 98 105 106 99 102 107 110 10
114 103 117 111 115 105 109 112 107 110 113 117 15000 11
Chip#4
99 100 102 103 106 105 102 108 103 109 96 105 0
99 94 102 103 106 98 99 104 99 102 93 104 1
99 97 99 97 106 102 99 102 102 104 96 100 2
99 96 99 119 120 101 114 120 98 106 93 100 3
99 100 99 118 119 102 110 120 105 109 100 105 4
99 103 103 106 115 106 106 108 99 108 102 111 5
99 102 99 124 126 103 115 123 101 114 102 108 6
99 102 99 119 120 103 107 110 107 106 94 101 7
99 100 99 100 107 99 98 105 102 104 96 107 8
99 97 100 105 105 102 111 116 101 111 110 104 9
99 99 99 99 107 99 112 114 102 110 109 101 10
99 102 102 105 109 105 102 107 103 108 97 104 15000 11
Chip#1
101 109 97 94 104 101 95 99 94 99 98 105 0
101 97 99 94 99 96 94 100 96 97 95 98 1
102 108 118 112 107 110 113 103 98 100 102 102 2
104 114 270 279 105 269 340 117 118 124 107 105 3
96 108 200 220 103 205 255 107 105 115 101 101 4
104 112 113 109 105 119 123 110 108 109 102 106 5
99 110 269 286 108 272 325 115 113 124 106 99 6
105 117 246 262 118 215 248 115 114 123 109 109 7
104 108 110 109 108 113 115 111 113 119 106 105 8
92 100 97 93 99 228 301 110 218 291 112 102 9
104 108 101 102 107 207 269 114 218 254 109 105 10
104 104 101 97 100 100 98 99 101 107 102 101 15000 11
Chip#2
102 113 110 111 109 108 90 105 108 106 113 121 0
100 108 106 103 104 101 92 105 107 102 106 110 1
95 107 103 107 102 108 89 98 99 101 103 106 2
104 115 112 111 190 246 102 175 222 113 107 116 3
96 105 108 105 260 337 98 256 335 111 103 104 4
107 118 120 109 123 139 103 128 144 110 111 111 5
113 274 298 121 192 236 104 111 115 113 112 115 6
104 302 339 115 309 384 105 112 120 106 108 110 7
101 127 126 108 131 139 95 105 103 105 106 112 8
108 243 272 121 232 254 104 115 117 109 114 116 9
104 305 325 116 343 375 103 115 113 105 106 111 10
115 138 130 114 136 137 104 111 113 115 111 116 15000 11
Chip#3
105 93 112 106 108 94 100 110 101 105 105 115 0
103 97 112 110 113 150 142 117 142 156 115 118 1
109 103 116 115 136 436 414 134 352 424 142 115 2
102 97 111 106 117 325 295 117 274 306 112 113 3
111 97 111 101 108 138 142 112 122 127 108 111 4
97 95 102 98 120 408 390 125 392 448 126 109 5
98 97 107 111 111 298 287 120 351 395 120 113 6
106 96 138 120 108 124 123 113 106 105 105 115 7
98 126 402 352 129 406 362 112 101 98 100 117 8
105 122 350 281 128 346 291 113 99 102 103 111 9
108 104 116 107 114 102 107 112 106 103 109 115 10
119 105 116 106 115 97 109 116 109 110 115 119 15000 11
Chip#4
99 99 102 102 107 101 98 101 101 102 96 105 0
99 100 103 102 110 106 100 107 106 111 97 112 1
99 102 100 102 115 103 102 107 106 113 97 111 2
99 102 99 130 135 105 142 133 106 108 100 108 3
99 106 100 125 136 111 119 127 110 111 106 115 4
99 112 102 115 122 112 110 113 110 113 107 118 5
99 105 100 140 136 106 142 133 105 118 104 111 6
99 96 100 122 120 99 112 117 98 101 97 102 7
99 102 100 102 109 102 96 107 105 106 99 108 8
99 105 99 112 113 111 127 132 110 139 124 111 9
99 100 99 105 117 107 119 121 105 123 119 108 10
102 107 107 115 122 112 107 113 116 113 103 115 15000 11
Chip#1
102 106 106 98 104 100 95 102 101 104 102 103 0
107 110 104 99 104 108 99 108 104 105 107 109 1
105 106 122 120 101 115 122 106 102 101 106 103 2
101 109 307 307 103 300 383 111 118 118 101 98 3
105 112 229 235 112 229 280 117 114 126 108 106 4
116 123 130 124 115 133 137 115 110 116 112 114 5
107 118 305 324 113 310 375 117 116 134 106 107 6
101 112 272 289 108 222 273 107 108 115 99 102 7
104 116 114 112 108 117 123 111 112 126 104 110 8
104 112 110 104 107 265 351 115 258 341 120 107 9
109 116 113 104 112 227 288 122 217 287 118 107 10
107 108 106 102 107 108 107 107 104 115 105 111 15000 11
Chip#2
109 118 117 112 110 109 100 108 113 109 119 122 0
102 107 111 109 110 109 97 103 107 107 113 122 1
113 120 122 116 117 118 107 114 117 114 114 123 2
112 109 112 110 210 272 105 188 230 118 112 119 3
100 107 113 105 292 383 108 284 377 122 109 108 4
111 119 126 117 134 143 103 132 155 114 113 112 5
102 291 327 106 210 249 100 105 106 107 106 105 6
107 337 384 121 352 440 109 115 125 111 112 111 7
113 139 141 116 146 154 105 115 117 115 114 122 8
100 261 296 119 250 274 102 110 115 106 103 108 9
109 343 369 120 391 414 104 119 120 110 113 113 10
107 129 130 114 140 138 100 105 113 111 113 110 15000 11
Chip#3
103 88 104 105 99 88 95 104 94 99 99 107 0
100 99 109 103 104 147 142 108 133 159 112 121 1
103 96 112 110 132 440 414 129 363 434 141 117 2
102 96 112 103 110 331 295 114 278 311 112 110 3
103 96 109 107 110 143 142 116 124 133 107 117 4
105 105 118 110 128 428 414 134 403 463 133 117 5
105 100 113 111 114 309 288 122 355 407 123 118 6
105 97 136 124 114 128 125 113 106 110 104 114 7
97 125 402 355 125 408 370 105 92 98 102 107 8
105 121 359 298 128 358 300 113 103 103 104 115 9
108 101 118 105 106 101 107 109 102 97 107 119 10
124 112 118 110 118 105 111 113 113 114 114 125 15000 11
Chip#4
99 103 99 114 113 107 104 110 106 108 102 109 0
99 103 111 114 112 113 110 110 106 113 102 114 1
99 99 99 103 113 105 106 102 102 105 96 104 2
99 97 100 140 143 102 142 139 107 115 102 107 3
99 100 99 133 135 107 120 127 107 114 102 110 4
99 97 100 103 107 101 99 104 103 106 96 105 5
99 102 104 147 142 106 142 142 103 139 104 111 6
99 102 102 136 136 111 118 126 106 108 100 108 7
99 105 102 106 110 105 103 110 106 110 103 109 8
99 99 103 111 113 107 142 138 105 139 126 114 9
99 97 99 103 106 103 142 123 101 139 116 105 10
109 116 108 118 129 118 111 118 116 139 114 117 15000 11
