Chip#1
40 195 218 22 188 0 205 237 264 137 81 151 0
89 195 250 22 188 0 205 237 264 203 76 153 1
99 195 259 29 188 0 205 237 264 203 88 154 2
88 195 218 20 188 0 205 237 264 203 83 151 3
88 195 255 22 188 0 205 237 264 203 84 146 4
87 195 254 24 188 0 205 237 264 203 85 153 5
88 195 256 25 188 11 213 237 264 219 85 149 6
88 195 218 26 188 0 205 237 264 203 89 151 7
91 195 259 29 188 0 213 237 264 219 86 156 8
92 195 259 34 188 0 213 237 264 219 88 158 9
88 195 218 22 188 0 205 237 264 203 77 147 10
84 195 251 22 188 0 205 237 264 203 76 15000 11
Chip#1
83 195 250 19 188 0 205 237 264 203 81 144 0
87 195 252 17 188 0 205 237 264 203 79 149 1
40 195 218 26 188 0 205 237 264 203 86 150 2
84 195 218 16 188 0 205 237 264 203 80 146 3
84 195 218 20 188 0 213 237 264 203 84 144 4
88 195 255 21 188 0 213 237 264 203 83 154 5
84 195 254 21 188 0 205 237 264 203 84 150 6
94 195 259 30 188 0 213 237 264 219 92 155 7
91 195 256 30 188 0 205 237 264 203 86 150 8
88 195 252 21 188 0 205 237 264 203 79 147 9
92 195 218 22 188 0 205 237 264 203 85 153 10
80 195 218 15 188 0 205 237 264 187 81 15000 11
Chip#1
89 195 254 26 188 0 205 237 264 203 85 151 0
169 235 272 34 188 0 309 293 264 235 102 154 1
179 313 274 26 188 0 309 293 264 235 103 154 2
106 195 261 29 188 0 229 237 264 219 93 155 3
113 195 260 31 188 11 389 357 264 219 103 153 4
56 195 261 35 188 0 325 293 264 219 102 161 5
40 195 264 33 188 0 213 237 264 219 96 159 6
110 195 254 47 188 11 461 493 264 251 116 155 7
99 195 218 31 188 0 357 325 264 219 101 149 8
40 195 218 30 188 0 213 237 264 203 91 154 9
114 195 265 43 188 11 357 373 264 251 117 159 10
99 195 218 29 188 0 277 277 264 219 96 15000 11
Chip#1
91 195 252 28 188 0 213 237 264 219 85 151 0
171 235 267 31 188 0 309 277 264 235 108 159 1
182 267 278 35 188 11 309 293 264 251 106 159 2
99 195 260 30 188 0 229 237 264 219 89 153 3
114 195 267 39 188 11 389 357 264 235 107 151 4
107 195 250 31 188 0 325 293 264 219 93 153 5
87 195 255 29 188 0 229 237 264 219 86 153 6
109 195 259 42 188 11 461 493 264 235 113 153 7
113 195 268 43 196 11 389 357 264 251 110 156 8
91 195 218 33 188 0 213 237 264 219 89 151 9
105 195 218 31 188 0 341 357 264 235 107 151 10
98 195 218 34 188 0 293 293 264 219 93 15000 11
Chip#1
40 195 258 30 188 0 205 237 264 203 88 158 0
173 235 269 30 188 0 309 277 264 235 105 161 1
184 267 276 30 188 0 293 277 264 167 108 155 2
99 195 260 29 188 0 229 237 264 219 86 155 3
114 195 260 35 188 11 389 357 264 235 106 150 4
103 195 258 35 188 0 325 309 264 219 94 149 5
40 195 261 34 188 0 229 237 264 219 91 161 6
56 195 255 49 188 0 461 493 264 235 117 151 7
124 195 273 53 196 11 373 341 264 235 115 165 8
40 195 256 31 188 0 213 237 264 151 94 158 9
109 195 268 40 188 11 357 373 264 251 119 155 10
116 195 268 40 188 0 293 309 264 235 106 15000 11
Chip#1
40 195 218 26 188 0 205 237 264 203 86 154 0
169 251 267 33 188 11 309 293 264 235 106 158 1
171 251 268 26 188 0 293 277 264 235 102 146 2
94 195 256 25 188 0 229 237 264 219 91 151 3
110 195 255 26 188 0 389 357 264 219 102 147 4
103 195 256 24 188 0 325 293 264 235 96 151 5
89 195 218 26 188 0 213 237 264 203 89 153 6
112 195 256 48 196 27 461 493 264 251 116 150 7
103 195 252 33 188 11 373 357 264 235 103 147 8
92 195 256 29 188 0 229 237 264 219 96 155 9
113 195 265 36 196 11 357 373 264 235 112 154 10
98 195 218 28 188 0 277 293 264 203 91 15000 11
