Chip#1
87 195 254 29 188 11 213 237 264 219 85 151 0
83 195 218 19 188 0 205 237 263 203 79 147 1
92 195 255 28 188 0 205 237 264 219 86 154 2
89 195 250 20 188 0 213 237 264 219 85 151 3
88 195 250 22 188 0 205 237 264 219 80 149 4
91 195 252 28 188 11 213 237 264 219 91 152 5
84 195 256 30 188 0 205 237 264 219 89 151 6
87 195 247 24 188 0 205 237 264 219 77 150 7
92 195 250 26 188 0 205 237 264 219 85 154 8
85 195 249 22 188 0 205 237 264 219 84 146 9
95 195 255 26 188 11 213 237 264 219 90 155 10
95 195 254 33 188 11 213 237 264 219 83 15000 11
Chip#1
92 195 255 29 188 0 205 237 264 219 85 154 0
95 195 249 24 188 0 213 237 264 219 86 152 1
95 195 254 28 188 0 213 237 264 219 85 152 2
94 195 249 25 188 0 205 237 264 219 84 154 3
99 195 254 30 188 11 213 237 264 219 91 151 4
89 195 249 21 188 0 205 237 264 203 84 145 5
92 195 256 33 188 0 205 237 264 219 85 156 6
99 195 258 36 188 11 213 237 264 235 91 156 7
88 195 252 25 188 11 213 237 264 235 84 150 8
92 195 254 30 188 11 213 237 264 219 86 158 9
95 195 256 31 188 0 205 237 264 219 93 156 10
91 195 256 25 188 0 205 237 264 219 88 15000 11
Chip#1
98 195 256 33 188 0 205 237 264 219 90 161 0
123 203 258 30 188 11 261 261 264 235 107 158 1
139 203 264 41 188 11 277 261 264 251 110 161 2
99 195 259 34 188 11 229 237 264 235 92 159 3
116 195 263 40 188 11 325 309 264 235 105 154 4
112 195 259 41 188 11 277 277 264 235 105 156 5
100 195 261 41 196 11 229 237 264 235 103 161 6
116 195 265 57 196 11 325 309 264 251 120 165 7
117 195 267 46 196 27 293 277 264 251 110 158 8
101 195 254 35 188 11 229 237 264 235 96 164 9
110 195 263 44 196 27 293 309 264 251 116 159 10
114 195 258 39 188 11 261 261 264 235 105 15000 11
Chip#1
101 195 264 34 188 11 205 237 264 219 98 161 0
143 219 272 41 196 27 309 293 264 267 124 170 1
140 219 264 38 188 11 277 277 264 251 111 156 2
106 195 264 35 188 11 229 237 264 235 93 159 3
116 195 261 41 196 27 357 341 264 251 111 158 4
117 195 261 44 196 11 309 293 264 251 103 158 5
102 195 263 41 196 11 229 237 264 235 96 159 6
123 195 265 66 212 27 357 341 264 267 134 161 7
107 195 261 47 196 11 309 309 264 251 107 155 8
101 195 260 38 188 11 229 237 264 219 99 164 9
112 195 263 38 196 11 325 325 264 251 113 156 10
117 195 263 40 180 0 261 277 264 235 108 15000 11
Chip#1
94 195 256 35 188 11 213 237 264 219 93 160 0
145 219 264 41 196 11 309 293 264 267 121 161 1
153 235 278 44 180 27 309 293 264 251 125 166 2
106 195 261 34 188 11 245 245 264 235 94 159 3
123 195 265 46 188 11 373 341 264 251 117 158 4
118 195 264 41 196 27 325 309 264 251 111 163 5
101 195 261 36 188 11 229 237 264 235 98 160 6
120 195 269 68 212 27 373 357 264 267 135 166 7
111 195 263 49 196 27 325 325 264 251 119 160 8
95 195 259 35 188 11 229 245 264 235 99 161 9
124 195 273 53 196 27 357 357 264 251 133 170 10
117 195 268 44 196 11 293 293 264 251 107 15000 11
Chip#1
105 195 263 34 188 11 213 237 264 219 101 164 0
150 219 259 40 188 11 309 293 264 251 120 160 1
162 235 273 41 188 11 309 293 264 267 125 159 2
107 195 262 40 196 27 245 245 264 251 97 160 3
118 195 259 43 196 27 389 357 264 251 113 155 4
124 195 267 48 196 11 325 309 264 251 113 164 5
101 195 267 44 188 11 229 237 264 235 99 165 6
127 195 267 77 212 27 389 373 264 260 140 166 7
120 195 264 52 196 27 341 325 264 251 121 161 8
96 195 260 35 188 11 229 237 264 235 97 156 9
128 203 276 57 196 27 357 373 264 267 136 165 10
117 195 270 42 196 11 293 309 264 235 112 15000 11
