Chip#1
102 108 105 95 108 102 102 104 98 105 98 106 0
91 104 95 89 99 93 95 97 94 99 91 97 1
106 109 106 95 103 102 103 102 101 104 97 109 2
101 108 106 101 105 102 107 102 104 107 98 105 3
99 106 100 91 103 94 99 95 96 103 90 99 4
109 117 108 101 109 106 103 108 109 112 98 106 5
105 108 104 94 107 101 103 104 97 104 91 105 6
99 108 99 95 100 101 98 100 98 101 101 101 7
102 108 97 93 105 104 95 100 99 105 95 98 8
97 104 97 89 99 96 98 95 93 107 93 101 9
105 112 108 101 111 105 106 108 104 112 101 107 10
101 110 105 94 103 98 102 100 100 105 102 101 15000 11
Chip#2
94 99 101 102 103 101 89 99 102 109 103 106 0
104 114 116 107 112 110 99 107 115 115 111 116 1
91 105 108 105 103 108 95 99 102 108 102 107 2
91 103 106 96 103 104 88 96 98 105 101 105 3
102 109 106 107 109 108 95 111 112 113 102 110 4
99 104 103 101 102 106 90 104 104 109 102 111 5
95 101 100 103 103 99 92 98 99 109 101 104 6
92 104 106 103 101 105 88 103 99 102 99 104 7
88 104 102 101 96 99 88 92 99 101 94 104 8
99 108 111 102 106 112 93 102 104 110 102 110 9
95 103 107 106 103 103 90 103 103 104 98 106 10
100 112 111 111 106 113 103 111 111 113 109 111 15000 11
Chip#3
103 99 107 98 104 94 97 113 95 103 104 117 0
103 92 104 94 99 91 101 109 95 102 102 115 1
96 97 106 99 100 93 103 106 95 98 107 115 2
101 92 108 98 103 95 104 105 92 102 102 109 3
102 99 108 101 103 101 105 112 103 102 108 119 4
92 89 99 90 97 85 97 100 88 95 94 106 5
102 99 107 99 103 98 105 110 98 105 105 114 6
96 93 102 102 103 97 101 105 90 99 97 109 7
98 89 103 96 100 91 101 105 95 101 102 110 8
97 92 106 101 99 94 104 106 90 93 96 115 9
102 93 108 101 104 95 111 112 95 103 107 117 10
102 92 109 94 103 94 103 104 99 102 103 119 15000 11
Chip#4
99 97 99 99 107 102 96 101 96 102 93 104 0
99 91 99 96 102 98 98 98 96 104 94 100 1
99 99 99 102 109 101 98 102 99 108 92 101 2
99 104 99 106 117 110 103 102 107 109 100 109 3
99 104 99 105 109 102 95 104 102 110 96 111 4
99 102 99 109 112 103 99 104 102 108 100 105 5
99 93 99 100 106 93 92 96 95 104 87 97 6
99 96 99 100 104 98 95 98 98 101 92 99 7
99 100 99 103 112 103 99 105 99 106 92 105 8
99 99 99 105 110 101 98 101 102 102 93 102 9
99 94 99 99 104 98 94 99 98 101 96 102 10
99 93 99 94 103 96 91 98 95 101 87 97 15000 11
