Chip#1
92 98 94 94 100 93 103 101 96 100 96 93 0
94 98 94 98 104 92 103 99 94 94 98 96 1
96 103 100 101 101 99 103 102 102 98 101 99 2
95 93 94 94 100 96 103 96 92 94 95 97 3
95 100 102 98 100 100 103 97 97 100 100 97 4
98 107 102 103 104 104 109 104 106 109 104 107 5
98 101 99 100 104 103 109 101 97 99 99 97 6
96 99 97 99 97 93 102 99 96 101 99 99 7
95 99 97 98 104 96 102 98 100 95 94 94 8
100 104 95 97 104 98 102 102 99 97 99 99 9
95 96 99 97 101 100 103 97 99 97 100 99 10
95 96 95 93 104 94 103 98 94 97 92 15000 11
Chip#1
100 105 100 100 104 102 106 101 99 100 102 108 0
99 102 98 97 104 100 103 95 97 98 99 99 1
95 96 97 93 104 91 103 96 94 89 96 97 2
88 99 94 92 95 93 83 92 92 92 93 92 3
98 100 98 97 95 98 100 96 95 95 95 96 4
96 98 99 97 104 103 100 101 100 100 103 102 5
99 103 99 99 104 98 105 99 99 101 96 102 6
101 103 97 103 95 98 103 103 101 107 106 102 7
98 103 99 98 95 96 103 104 100 100 99 96 8
93 99 97 95 95 92 103 97 96 98 95 96 9
99 104 102 97 104 106 106 103 104 103 102 99 10
99 106 104 102 104 100 105 105 101 103 105 15000 11
Chip#1
104 103 100 100 104 103 102 104 96 105 102 105 0
132 154 102 101 95 95 109 108 105 122 111 96 1
147 166 116 109 104 107 117 124 111 138 122 99 2
108 112 100 104 104 103 106 102 109 106 105 103 3
109 113 102 102 104 100 124 115 102 115 112 93 4
105 112 100 102 104 100 115 110 97 113 109 99 5
101 103 98 103 104 106 102 104 100 106 101 101 6
109 109 100 121 116 106 123 133 104 138 123 101 7
110 119 112 126 113 112 121 128 110 128 122 107 8
96 103 98 99 95 100 105 108 100 105 103 97 9
109 116 102 111 107 102 135 141 104 131 122 99 10
111 117 104 111 109 108 129 115 110 120 117 15000 11
Chip#1
108 110 105 104 104 104 106 108 100 106 105 108 0
172 196 116 113 106 106 127 129 109 142 135 105 1
184 213 122 114 108 110 126 132 111 149 136 110 2
110 118 102 107 104 100 111 105 100 110 106 105 3
123 132 106 118 112 112 142 145 113 136 133 99 4
116 122 100 114 112 107 134 132 105 132 118 99 5
105 110 108 109 104 114 120 115 110 116 109 110 6
121 137 113 149 138 116 149 157 119 157 146 110 7
121 135 113 134 133 115 137 145 115 144 140 109 8
106 113 112 112 106 111 118 127 107 144 115 108 9
116 129 109 118 117 111 159 164 111 145 130 103 10
121 142 109 114 113 106 134 145 109 131 123 15000 11
Chip#1
111 116 107 108 104 108 111 108 104 109 109 108 0
194 224 114 114 106 103 135 133 108 153 141 103 1
215 250 128 118 113 110 141 138 114 161 150 110 2
121 140 118 118 104 115 123 128 114 124 118 109 3
134 150 113 132 124 120 161 158 125 157 139 108 4
111 137 99 116 109 103 135 139 105 134 122 96 5
104 112 104 116 106 112 115 115 110 119 111 103 6
129 145 109 164 155 116 159 164 119 172 159 105 7
125 141 118 139 135 122 142 152 119 154 145 113 8
108 115 103 114 104 107 125 129 108 121 116 103 9
130 146 112 130 125 116 179 192 126 165 150 109 10
122 128 108 120 120 114 150 157 116 134 132 15000 11
Chip#1
110 117 104 103 104 110 111 110 106 112 113 109 0
228 254 118 121 109 107 142 144 118 174 154 113 1
244 287 142 126 118 112 141 152 126 174 160 113 2
123 143 108 113 104 116 118 119 118 123 112 108 3
139 156 112 128 129 114 171 167 119 159 141 105 4
132 158 118 134 135 120 158 161 121 152 138 109 5
103 112 107 112 107 111 119 127 115 152 112 107 6
132 151 112 175 164 120 171 178 126 190 187 109 7
125 143 113 142 139 115 150 157 116 161 151 109 8
109 119 107 113 107 112 127 136 113 127 121 109 9
134 154 118 134 134 120 202 210 127 177 162 113 10
129 148 118 128 127 120 164 171 121 148 140 15000 11
