Chip#1
110 107 111 111 109 113 112 101 113 107 106 106 0
98 93 103 107 105 103 100 95 102 104 107 99 1
103 99 106 106 103 101 102 93 101 109 109 98 2
108 100 107 108 107 108 105 97 107 103 101 101 3
105 100 108 110 109 106 109 99 104 118 112 99 4
97 98 103 105 101 104 103 96 103 109 106 94 5
99 98 102 101 100 103 106 94 100 96 96 95 6
103 96 108 106 106 104 102 93 107 112 111 96 7
103 100 102 106 106 107 101 96 101 113 115 95 8
98 97 102 103 100 103 103 92 103 103 95 93 9
97 98 102 107 103 104 99 93 103 113 106 96 10
104 98 107 105 105 104 102 94 102 112 110 15000 11
