Chip#1
98 108 101 106 99 92 110 103 89 104 104 110 0
98 103 100 109 99 96 103 94 95 109 101 109 1
97 104 100 101 94 119 127 92 95 106 101 106 2
100 106 99 107 95 143 140 102 90 111 102 107 3
94 106 99 101 95 96 106 99 89 102 99 106 4
103 110 102 111 103 120 150 102 117 138 105 113 5
96 102 96 103 92 119 146 88 114 134 96 106 6
96 107 99 107 98 95 106 97 92 99 102 108 7
97 104 98 101 95 94 99 93 89 100 97 102 8
94 103 93 101 93 90 101 97 85 96 95 101 9
104 112 104 104 100 100 111 104 94 106 107 112 10
105 112 102 109 100 100 113 102 90 110 102 109 15000 11
Chip#2
92 99 87 95 96 100 97 94 94 90 95 102 0
96 99 87 98 98 94 98 96 95 92 95 98 1
100 100 92 99 103 97 101 100 99 97 102 108 2
104 98 92 98 95 97 102 101 97 97 98 104 3
100 103 92 100 102 104 106 101 106 93 99 106 4
100 98 92 100 103 100 102 98 106 96 99 104 5
100 98 92 99 103 102 97 98 99 93 101 104 6
110 106 98 107 109 109 125 129 116 119 126 117 7
92 95 98 92 94 97 105 107 99 93 103 102 8
108 99 98 99 101 105 101 105 106 96 98 107 9
100 98 98 97 101 98 107 116 103 95 99 107 10
108 104 94 103 103 104 114 115 106 102 103 108 15000 11
