Chip#1
91 195 259 26 188 0 205 237 264 203 90 156 0
89 195 254 22 188 0 205 237 264 219 79 151 1
87 195 249 20 188 0 205 237 264 203 85 149 2
92 195 254 29 188 0 205 237 264 203 85 155 3
94 195 259 24 188 0 205 237 264 219 85 152 4
94 195 251 25 188 0 205 237 264 219 86 150 5
87 195 254 19 188 0 205 237 264 219 84 151 6
94 195 256 29 188 0 213 237 264 219 90 158 7
89 195 258 22 188 0 205 237 264 219 86 152 8
78 195 218 21 188 0 205 237 264 203 77 146 9
85 195 250 21 188 0 205 237 264 219 80 149 10
89 195 251 24 188 0 205 237 264 203 84 15000 11
