Chip#1
81 195 252 20 188 0 205 237 264 203 85 158 0
91 195 259 31 188 0 205 237 264 203 91 155 1
78 195 218 16 188 0 205 237 264 203 80 144 2
85 195 252 22 188 0 205 237 264 203 83 151 3
96 195 261 31 188 11 213 237 264 219 90 161 4
80 195 254 20 188 0 205 237 264 203 81 151 5
88 195 258 31 188 11 213 237 264 219 86 155 6
84 195 249 20 188 0 205 237 264 203 84 147 7
83 195 252 26 188 0 205 237 264 219 83 149 8
85 195 249 25 188 0 205 237 264 219 85 154 9
88 195 251 26 188 0 205 237 264 203 85 153 10
91 195 258 29 188 0 205 237 264 219 86 15000 11
Chip#1
85 195 255 24 188 11 213 237 264 219 90 152 0
84 195 250 24 188 0 213 237 264 203 83 151 1
89 195 259 21 188 0 205 237 264 203 89 149 2
88 195 256 24 188 0 213 237 264 203 83 145 3
87 195 218 16 188 0 205 237 264 203 84 147 4
94 195 259 30 188 11 213 237 264 219 91 155 5
94 195 265 33 188 0 205 237 264 219 90 164 6
85 195 250 20 188 0 213 237 264 203 84 147 7
85 195 258 25 188 0 205 237 264 203 88 159 8
88 195 252 26 188 0 205 237 264 219 79 156 9
78 195 247 21 188 0 205 237 264 203 77 146 10
91 195 261 31 188 11 213 237 264 219 97 15000 11
Chip#1
87 195 254 26 188 11 213 237 264 219 89 155 0
147 235 261 30 188 11 325 293 264 235 101 158 1
154 235 270 30 188 11 309 293 264 235 103 152 2
96 195 259 33 188 0 229 237 264 219 97 155 3
113 195 261 36 196 27 389 357 264 235 103 159 4
110 195 261 41 196 11 325 309 264 235 103 156 5
99 195 261 35 188 11 229 237 264 219 92 159 6
109 195 261 51 212 27 389 373 264 251 108 156 7
102 195 259 41 196 11 341 325 264 251 103 152 8
92 195 255 30 188 11 229 237 264 219 91 158 9
103 195 261 39 196 27 357 357 264 235 108 163 10
100 195 260 33 196 11 293 293 264 235 98 15000 11
Chip#1
95 195 258 26 188 0 213 237 264 219 90 155 0
156 235 260 28 188 0 325 293 264 235 106 151 1
171 251 276 36 188 11 309 293 264 235 111 156 2
96 195 254 28 188 0 229 237 264 219 91 154 3
109 195 261 33 196 27 461 462 264 251 101 154 4
105 195 258 36 196 11 341 309 264 235 103 155 5
98 195 267 36 188 11 229 237 264 219 97 159 6
103 195 259 49 196 27 461 471 264 251 112 154 7
106 195 263 42 196 11 357 325 264 235 107 154 8
89 195 256 31 188 11 229 237 264 219 93 159 9
106 195 265 40 196 11 373 373 264 235 111 158 10
103 195 261 33 188 0 293 293 264 219 105 15000 11
Chip#1
98 195 258 33 188 11 213 237 264 219 93 161 0
165 251 272 39 188 11 341 309 264 251 112 163 1
166 251 273 26 188 11 325 293 264 235 105 152 2
102 195 265 35 188 11 245 237 264 219 98 160 3
114 195 259 34 188 11 461 373 264 219 101 155 4
114 195 267 39 196 11 341 309 264 219 101 164 5
91 195 263 34 188 11 229 237 264 219 93 161 6
117 195 264 61 196 27 461 481 264 251 124 164 7
105 195 263 44 180 11 341 325 264 235 111 161 8
91 195 254 29 188 0 229 237 264 203 89 154 9
112 195 267 42 196 27 373 373 264 235 116 165 10
110 195 265 42 196 11 309 309 264 235 105 15000 11
Chip#1
103 195 265 38 188 11 213 237 264 219 102 168 0
164 251 270 41 188 27 341 309 264 251 115 169 1
172 306 272 34 188 11 325 309 264 251 112 158 2
103 195 260 34 188 0 229 237 264 219 93 159 3
123 195 259 40 196 27 461 373 264 235 106 158 4
109 195 260 39 196 11 341 309 264 235 96 152 5
92 195 259 38 188 11 229 237 264 219 93 161 6
109 195 255 46 196 11 461 373 264 251 115 152 7
98 195 254 39 188 11 341 325 264 235 106 154 8
94 195 258 31 188 0 229 237 264 219 96 159 9
103 195 263 39 188 11 357 373 264 235 111 160 10
110 195 263 39 196 27 309 309 264 235 103 15000 11
