Chip#1
97 102 92 97 99 89 99 89 85 98 96 111 0
98 105 106 107 97 96 104 99 95 100 109 106 1
102 110 109 108 113 121 134 104 106 114 108 113 2
96 102 100 101 97 143 137 98 97 103 102 101 3
105 111 101 106 103 102 104 100 97 104 107 108 4
100 106 104 108 103 122 141 97 120 136 104 108 5
88 95 92 99 90 121 140 90 116 135 97 98 6
108 108 106 107 105 97 105 98 98 110 107 104 7
110 111 104 108 104 104 111 103 96 106 111 109 8
92 102 96 99 92 89 97 88 87 98 92 100 9
100 105 100 103 103 94 105 98 93 104 102 107 10
108 107 105 111 109 102 116 104 96 112 109 114 15000 11
Chip#2
106 100 87 100 103 101 102 101 104 96 102 104 0
106 104 91 99 103 100 103 101 101 97 106 109 1
98 96 91 98 102 98 101 94 100 90 103 100 2
107 106 91 107 105 101 110 106 105 100 106 109 3
102 100 91 99 102 100 103 102 100 96 105 107 4
106 100 91 104 103 105 101 104 103 97 107 104 5
110 106 94 104 107 104 107 105 105 100 106 112 6
100 96 94 94 98 94 110 118 95 104 119 104 7
106 104 94 105 103 109 113 120 105 108 122 107 8
99 98 94 102 102 98 101 97 98 92 99 106 9
104 96 94 103 101 102 113 120 99 102 102 111 10
99 92 94 95 96 92 105 102 92 92 99 97 15000 11
