Chipdp
165 1 3 48 48 48 48 48 48 48 48 48 48 48 48 65 83 81 82 77 48 52 50 50 48 50 56 49 48 48 48 48 49 56 49 3 208 2 4 1 0 0 0 0 4 2 8 3 8 2 9 3 9 4 2 5 3 5 2 6 3 6 4 5 8 6 8 5 9 6 9 4 5 5 6 5 5 6 6 6 4 10 9 11 9 10 10 11 10 4 10 6 11 6 10 7 11 7 4 7 9 8 9 7 10 8 10 4 7 6 8 6 7 7 8 7 
Chip#1
98 99 95 96 87 91 103 94 94 94 99 109 0
100 97 100 97 93 96 106 98 93 97 96 104 1
104 105 107 102 98 279 299 100 142 146 102 104 2
103 105 104 107 103 382 423 102 163 153 108 106 3
93 97 96 93 98 101 103 97 90 97 94 97 4
100 107 107 104 104 329 457 107 348 380 102 107 5
103 106 105 108 102 382 504 108 392 417 105 108 6
102 104 105 104 102 101 115 104 98 108 102 102 7
102 105 104 97 97 99 105 99 95 99 102 105 8
104 107 106 109 104 106 109 100 98 105 99 106 9
105 106 106 107 100 100 113 105 100 109 104 106 10
100 102 102 97 98 101 113 100 98 103 105 108 15000 11
Chip#2
104 99 95 104 98 102 102 98 103 95 101 106 0
104 103 95 103 103 98 105 98 103 96 101 108 1
103 99 92 104 105 98 102 98 100 96 99 109 2
102 93 92 102 101 100 101 93 95 89 94 99 3
104 95 92 102 97 102 105 96 99 97 101 103 4
108 103 94 108 103 105 110 101 103 99 107 111 5
102 98 94 104 102 102 110 112 101 100 118 109 6
107 99 95 107 99 100 347 521 122 330 468 130 7
106 99 95 107 101 102 235 363 113 235 339 121 8
106 100 95 100 105 102 113 127 107 107 102 111 9
99 102 95 100 101 102 316 476 124 132 151 108 10
107 98 95 108 105 104 231 347 115 117 138 108 15000 11
Chip#1
104 103 101 101 98 96 105 102 96 100 104 113 0
104 106 100 107 107 104 115 105 97 110 107 109 1
100 105 104 104 97 289 308 100 144 146 101 107 2
96 105 100 107 99 399 437 103 158 153 101 99 3
98 100 100 103 92 100 109 100 95 103 101 102 4
92 99 96 97 95 333 473 97 353 391 96 101 5
103 100 104 108 100 399 520 107 413 435 108 105 6
100 104 99 108 97 101 108 99 100 104 99 101 7
100 103 104 108 99 102 104 97 100 99 106 107 8
109 108 112 114 109 111 115 109 103 104 109 112 9
97 98 99 98 98 96 101 97 87 105 99 99 10
111 111 110 114 108 107 110 107 103 110 108 108 15000 11
Chip#2
110 103 92 104 106 104 109 101 103 96 103 112 0
103 104 92 104 103 104 107 104 106 97 105 112 1
104 103 92 100 102 104 106 102 105 99 103 111 2
100 99 92 102 96 98 103 97 103 92 98 107 3
102 99 91 105 107 104 110 108 105 99 102 112 4
104 102 94 105 106 101 106 100 100 104 102 109 5
103 102 94 105 99 102 114 115 109 106 121 109 6
106 100 94 103 105 104 364 553 125 351 477 134 7
96 98 94 94 97 98 244 377 107 243 350 113 8
103 99 94 98 103 104 111 120 103 99 105 109 9
106 102 94 104 101 101 326 491 128 141 158 111 10
104 99 94 99 101 97 227 359 107 118 138 102 15000 11
