Chip#1
141 152 125 131 121 131 136 139 127 143 135 128 0 242 123 146 23
241 272 142 144 130 131 166 164 134 193 180 127 1 0 0 0 0
254 299 155 150 136 135 170 170 140 194 177 131 2 0 0 0 0
147 167 127 140 127 134 147 147 136 146 138 126 3 0 0 0 0
166 179 132 147 146 140 195 187 135 182 164 126 4 0 0 0 0
164 178 137 156 151 146 183 179 142 174 165 127 5 0 0 0 0
134 139 127 141 135 136 148 151 135 145 132 126 6 0 0 0 0
159 162 125 193 180 140 192 195 140 200 192 123 7 0 0 0 0
155 168 132 169 160 142 178 179 140 188 173 131 8 0 0 0 0
136 149 122 136 128 139 150 151 133 148 140 126 9 0 0 0 0
164 174 141 163 156 146 224 234 146 200 187 132 10 0 0 0 0
160 171 136 159 147 142 192 197 143 168 162 15000 11 0 0 0 0
