Chipdp
120 0 0 2 16 6 4 7 9 7 10 8 9 8 10 4 10 9 10 10 11 9 11 10 4 7 6 7 7 8 6 8 7 4 10 6 10 7 11 6 11 7 4 7 3 7 4 8 3 8 4 4 10 3 10 4 11 3 11 4 4 7 0 7 1 8 0 8 1 4 10 0 10 1 11 0 11 1 4 4 9 4 10 5 9 5 10 4 1 9 1 10 2 9 2 10 4 4 6 4 7 5 6 5 7 4 1 6 1 7 2 6 2 7 4 4 3 4 4 5 3 5 4 4 1 3 1 4 2 3 2 4 4 4 0 4 1 5 0 5 1 4 1 0 1 1 2 0 2 1 4 7 0 7 1 8 0 8 1 4 10 0 10 1 11 0 11 1 4 7 3 7 4 8 3 8 4 4 10 3 10 4 11 3 11 4 4 7 6 7 7 8 6 8 7 4 10 6 10 7 11 6 11 7 4 7 9 7 10 8 9 8 10 4 10 9 10 10 11 9 11 10 4 4 0 4 1 5 0 5 1 4 1 0 1 1 2 0 2 1 4 4 3 4 4 5 3 5 4 4 1 3 1 4 2 3 2 4 4 4 6 4 7 5 6 5 7 4 1 6 1 7 2 6 2 7 4 4 9 4 10 5 9 5 10 4 1 9 1 10 2 9 2 10 
Chip#1
101 195 251 33 188 0 213 237 264 219 90 158 0
192 361 274 39 188 27 461 490 264 251 116 159 1
192 331 286 36 188 27 461 490 264 251 116 159 2
103 195 258 36 188 11 261 245 264 219 96 158 3
132 203 265 47 196 43 699 610 264 251 111 161 4
125 195 261 49 188 27 469 493 264 235 103 159 5
92 195 260 38 196 27 261 261 264 235 93 156 6
127 203 263 71 212 43 629 625 264 267 178 168 7
114 195 254 47 196 27 501 493 264 235 110 154 8
96 195 259 41 188 11 261 261 264 235 96 158 9
116 195 259 44 188 11 517 533 264 235 112 154 10
114 195 264 46 196 27 461 493 264 235 112 15000 11
Chip#1
106 195 256 34 188 0 213 237 264 203 98 161 0
192 355 276 41 188 27 461 493 264 251 119 161 1
192 387 288 36 188 27 461 493 264 251 122 155 2
112 195 264 36 188 11 277 261 264 235 99 159 3
135 203 268 51 196 43 629 612 264 251 116 158 4
125 203 268 44 196 27 485 493 264 235 116 164 5
96 195 260 40 188 11 261 245 264 219 98 159 6
114 203 264 61 212 43 629 615 264 267 125 154 7
117 203 260 48 196 27 501 493 264 251 111 159 8
105 195 264 39 196 11 261 261 264 235 103 163 9
121 195 267 48 196 27 517 533 264 235 121 160 10
125 195 270 47 196 27 461 493 264 235 115 15000 11
Chip#1
101 195 259 33 188 0 213 237 264 219 94 156 0
192 359 274 40 188 27 461 489 264 251 112 159 1
192 379 279 33 188 11 461 479 264 251 111 149 2
116 195 264 41 188 11 277 261 264 235 103 161 3
121 195 260 38 188 43 613 549 264 235 107 152 4
123 203 270 48 196 27 469 493 264 235 110 161 5
102 195 260 39 196 27 261 261 264 235 99 165 6
117 195 258 57 212 43 613 608 264 251 124 155 7
72 195 268 53 196 11 485 493 264 235 125 163 8
95 195 255 28 188 0 245 261 264 219 91 151 9
118 195 260 44 196 43 533 533 264 251 117 156 10
109 195 261 38 188 11 389 480 264 235 101 15000 11
Chip#1
102 195 264 28 188 11 229 237 264 219 91 160 0
192 363 276 40 188 27 469 493 264 251 115 159 1
192 331 296 38 188 27 461 389 264 251 120 159 2
107 195 259 33 188 0 261 237 264 151 96 155 3
131 203 273 44 196 43 701 549 264 251 113 159 4
120 203 268 44 196 27 485 493 264 251 107 160 5
96 195 258 38 196 11 261 245 264 235 92 156 6
125 195 264 67 212 43 629 565 264 267 124 159 7
116 195 255 46 188 11 485 493 264 235 107 153 8
88 195 255 33 188 0 245 245 264 219 90 153 9
117 203 267 49 196 27 533 533 264 251 120 159 10
117 195 265 43 188 11 461 389 264 235 106 15000 11
Chip#1
100 195 256 31 196 27 229 237 264 219 146 155 0
192 358 277 40 196 27 469 493 264 251 116 159 1
192 382 283 41 188 11 461 490 264 251 115 153 2
106 195 260 36 188 0 261 245 264 219 97 154 3
127 203 261 42 196 43 629 610 264 235 110 158 4
120 203 261 44 196 27 469 493 264 235 103 152 5
89 195 255 38 188 11 245 245 264 219 90 158 6
123 195 263 61 212 43 629 565 264 251 121 158 7
117 195 259 47 196 27 501 493 264 235 99 152 8
98 195 260 39 188 11 261 261 264 235 98 158 9
114 203 261 43 196 27 533 533 264 235 113 155 10
117 195 260 40 196 11 461 491 264 235 102 15000 11
Chip#1
98 195 254 31 188 0 213 237 264 219 89 159 0
192 358 274 42 188 27 461 493 264 251 112 161 1
200 386 291 42 196 27 461 493 264 251 119 158 2
106 195 269 39 188 11 261 245 264 219 97 163 3
128 203 264 42 196 59 629 608 264 251 110 160 4
72 195 265 43 180 11 469 493 264 219 103 158 5
94 195 254 36 188 11 245 245 264 219 90 151 6
121 195 263 58 196 27 613 615 264 251 125 156 7
116 195 260 49 196 27 485 493 264 235 110 152 8
98 195 256 36 188 11 261 261 264 219 99 154 9
121 195 265 46 196 27 533 533 264 251 117 158 10
123 195 267 42 188 11 461 493 264 235 111 15000 11
Chip#1
105 195 256 31 188 0 213 237 264 219 91 158 0
192 299 274 43 188 27 469 493 264 251 116 163 1
192 391 288 40 188 27 461 493 264 251 111 159 2
56 195 258 35 188 0 261 245 264 219 96 155 3
129 203 268 44 196 59 699 612 264 251 112 160 4
117 195 264 41 196 27 485 493 264 235 107 158 5
102 195 261 42 188 11 245 245 264 219 96 159 6
72 195 264 61 196 27 613 565 264 251 120 156 7
118 195 261 49 196 11 485 493 264 235 108 160 8
99 195 263 33 188 11 261 261 264 219 94 156 9
121 195 265 42 196 27 533 597 264 251 117 161 10
110 195 258 38 196 11 461 493 264 235 101 15000 11
Chip#1
101 195 252 30 188 11 213 237 264 219 88 158 0
192 299 272 35 188 11 461 389 264 251 111 156 1
192 331 287 39 188 27 461 491 264 251 113 159 2
106 195 259 30 188 11 261 245 264 219 92 155 3
131 195 268 42 188 43 629 549 264 251 108 155 4
124 195 265 49 196 27 469 493 264 235 110 166 5
95 195 254 33 188 11 261 245 264 219 91 151 6
132 195 267 70 196 43 613 565 264 251 124 163 7
113 195 261 49 196 27 501 493 264 235 116 158 8
96 195 255 35 188 11 261 261 264 235 92 158 9
121 203 269 47 196 43 533 594 264 251 116 163 10
112 195 265 39 188 11 461 493 264 235 107 15000 11
Chip#1
99 195 256 34 188 0 213 237 264 219 90 159 0
192 351 273 40 188 11 461 493 264 235 115 155 1
192 331 292 47 188 27 461 493 264 251 119 158 2
105 195 261 34 188 11 277 261 264 219 93 155 3
135 203 277 46 188 43 629 549 264 235 113 159 4
127 203 272 46 196 43 485 493 264 235 113 161 5
96 195 258 41 188 27 261 245 264 219 91 151 6
124 195 265 65 212 43 629 565 264 251 129 160 7
124 195 267 56 196 27 501 493 264 235 116 160 8
94 195 256 35 188 11 261 261 264 219 97 155 9
124 195 267 48 188 27 533 533 264 251 115 160 10
118 195 268 41 196 27 461 493 264 235 108 15000 11
Chip#1
95 195 251 33 188 0 229 237 264 219 92 156 0
192 299 270 35 188 27 461 493 264 251 111 156 1
192 331 291 36 188 27 461 493 264 251 113 155 2
107 195 261 36 188 11 277 261 264 235 97 159 3
129 203 263 42 188 43 629 610 264 235 106 155 4
114 195 254 36 188 27 469 493 264 235 97 154 5
99 195 259 39 188 11 261 245 264 219 93 160 6
72 195 267 65 196 43 613 565 264 251 127 163 7
120 195 264 51 196 27 501 493 264 251 115 161 8
103 195 260 39 188 11 261 261 264 235 98 160 9
117 195 265 44 196 27 517 533 264 251 120 159 10
118 195 261 42 196 11 461 493 264 235 106 15000 11
Chip#1
99 195 258 31 188 0 213 237 264 219 92 163 0
192 299 277 39 188 27 461 493 264 251 115 161 1
192 380 281 38 196 27 461 493 264 251 112 159 2
110 195 264 41 188 11 277 261 264 219 94 163 3
125 203 263 43 196 43 702 607 264 251 108 155 4
118 203 263 44 188 27 469 493 264 235 102 154 5
102 195 259 39 188 11 245 245 264 219 93 158 6
120 195 264 62 212 43 613 565 264 251 122 160 7
118 195 259 52 196 11 501 493 264 235 116 160 8
102 195 259 35 196 11 261 261 264 235 98 163 9
120 195 259 43 196 27 533 533 264 235 110 158 10
118 195 264 51 196 27 461 493 264 235 111 15000 11
Chip#1
99 195 255 31 188 0 213 237 264 219 92 159 0
192 350 276 39 188 27 469 493 264 251 108 154 1
200 331 295 44 188 27 461 493 264 251 117 160 2
105 195 261 38 188 11 277 245 264 219 91 160 3
125 195 263 41 196 43 629 549 264 235 103 154 4
117 195 258 42 196 27 485 493 264 235 101 155 5
96 195 258 39 188 11 261 261 264 235 93 152 6
127 195 260 62 212 43 629 565 264 251 119 160 7
121 195 260 53 196 11 501 493 264 235 110 160 8
102 195 258 35 188 11 261 261 264 219 98 161 9
121 203 265 43 196 43 533 600 264 267 113 156 10
111 195 259 40 196 11 461 493 264 235 98 15000 11
Chip#1
99 195 255 34 188 11 229 237 264 219 94 156 0
192 358 273 41 196 43 469 493 264 251 112 157 1
200 331 292 44 196 27 461 493 264 251 117 160 2
116 195 264 44 188 11 277 261 264 219 99 159 3
127 195 264 43 196 43 697 608 264 235 106 154 4
123 195 261 46 196 27 469 493 264 235 102 156 5
94 195 252 41 188 11 261 245 264 219 94 156 6
118 195 265 63 196 43 629 565 264 251 121 158 7
121 195 260 56 196 27 501 493 264 251 117 164 8
95 195 259 38 188 0 245 245 264 219 99 151 9
72 195 269 43 188 27 533 533 264 251 117 158 10
117 203 265 46 196 27 461 493 264 251 112 15000 11
Chip#1
99 195 256 36 188 0 213 237 264 219 91 155 0
192 358 276 40 188 27 461 493 264 251 116 160 1
192 331 289 36 188 27 461 493 264 251 117 151 2
107 195 264 36 188 11 261 261 264 219 96 149 3
136 203 267 48 196 43 629 616 264 251 116 161 4
127 195 265 48 180 27 469 493 264 170 110 158 5
94 195 251 30 188 11 261 245 264 219 88 147 6
125 203 261 61 212 43 629 565 264 251 122 155 7
116 195 260 48 196 11 485 493 264 235 111 155 8
98 195 254 35 188 11 245 261 264 219 96 154 9
125 203 269 46 212 43 549 605 264 251 121 164 10
125 195 268 49 196 27 461 493 264 235 112 15000 11
Chip#1
103 195 263 38 188 11 229 237 264 219 101 163 0
192 358 278 43 196 27 469 493 264 251 122 160 1
192 331 287 40 188 27 461 493 264 235 120 159 2
110 195 264 40 188 11 277 245 264 235 99 160 3
135 203 272 52 196 59 708 620 264 251 121 163 4
116 195 263 41 196 27 469 493 264 235 105 149 5
92 195 251 38 188 0 245 237 264 219 92 155 6
121 203 263 66 212 43 629 565 264 251 125 155 7
113 203 265 52 212 27 517 493 264 251 117 159 8
101 195 260 34 188 11 245 245 264 219 99 156 9
124 203 270 46 196 43 533 549 264 251 117 163 10
123 195 263 43 196 27 461 493 264 251 111 15000 11
Chip#1
102 195 255 29 188 0 213 237 264 203 90 158 0
192 299 281 42 188 11 461 493 264 251 113 159 1
192 331 290 42 188 27 461 493 264 251 119 159 2
107 195 259 34 188 11 277 261 264 235 91 156 3
135 203 265 47 196 43 629 614 264 235 113 158 4
120 203 269 49 196 43 485 493 264 235 108 160 5
98 195 263 38 188 11 261 245 264 219 97 155 6
121 203 270 63 212 43 629 621 264 267 121 156 7
120 195 269 57 196 27 501 493 264 251 115 158 8
102 195 264 43 188 0 261 245 264 219 102 163 9
72 195 263 48 196 27 533 549 264 251 119 160 10
124 195 268 49 180 11 461 493 264 169 113 15000 11
Chip#1
99 195 254 29 188 0 205 237 264 203 91 155 0
192 299 273 38 188 11 461 493 264 251 112 154 1
192 382 282 36 188 11 461 493 264 251 107 147 2
99 195 254 26 188 0 261 245 264 203 83 149 3
121 195 260 40 188 43 629 549 264 235 103 150 4
116 203 268 44 196 27 485 493 264 251 110 159 5
98 195 259 34 188 11 261 245 264 219 94 158 6
128 203 268 67 212 59 692 625 264 267 125 163 7
120 195 269 54 196 27 501 493 264 251 116 161 8
94 195 256 34 188 11 261 261 264 235 96 155 9
127 203 267 47 196 43 533 549 264 251 122 163 10
117 195 259 46 196 11 461 493 264 235 103 15000 11
Chip#1
101 195 260 31 188 11 229 237 264 219 94 161 0
192 357 273 36 196 27 469 493 264 251 108 156 1
200 388 289 39 196 27 461 493 264 267 119 161 2
105 195 251 36 188 11 277 261 264 219 91 156 3
129 203 265 43 196 43 629 614 264 251 112 155 4
114 195 258 41 196 27 485 493 264 235 99 154 5
103 195 263 41 188 27 261 245 264 235 98 166 6
121 203 261 62 212 43 629 625 264 267 125 157 7
121 195 268 54 196 27 501 493 264 235 116 161 8
92 195 256 35 188 11 261 261 264 235 93 155 9
120 195 265 47 196 27 533 594 264 251 112 160 10
117 195 263 43 196 27 461 493 264 235 110 15000 11
Chip#1
100 195 256 33 188 11 213 237 264 219 94 158 0
192 366 279 42 196 27 469 493 264 251 119 155 1
200 395 297 48 196 27 461 493 264 251 124 163 2
112 195 260 40 188 11 277 245 264 219 96 159 3
135 203 269 44 212 59 702 617 264 251 111 159 4
125 195 261 43 188 11 469 493 264 235 105 154 5
101 195 265 38 188 11 261 245 264 219 94 152 6
135 195 267 68 212 43 629 630 264 251 130 159 7
123 195 267 54 196 27 501 493 264 251 119 156 8
102 195 258 41 188 11 261 261 264 219 99 160 9
124 203 268 48 212 43 549 601 264 251 121 155 10
118 195 258 44 188 11 389 389 264 219 98 15000 11
Chip#1
98 195 254 31 188 11 213 237 264 219 92 155 0
192 299 274 41 188 27 461 493 264 251 117 155 1
192 331 291 40 188 27 461 493 264 251 116 156 2
114 195 269 39 188 11 261 261 264 219 101 160 3
72 195 264 41 188 27 613 549 264 167 101 154 4
131 203 272 43 196 27 485 493 264 235 112 161 5
99 195 256 40 188 11 261 245 264 235 91 156 6
129 195 263 58 196 43 629 624 264 251 124 160 7
123 195 267 54 196 11 501 493 264 251 117 161 8
94 195 256 34 188 11 261 261 264 235 88 152 9
118 195 267 40 196 27 533 594 264 251 111 152 10
117 195 263 44 196 27 461 493 264 235 110 15000 11
Chip#1
100 195 259 29 188 11 229 237 264 219 94 159 0
192 299 273 38 188 11 469 493 264 251 113 151 1
200 391 291 43 196 27 461 493 264 251 125 163 2
116 195 263 36 188 11 261 245 264 219 99 158 3
123 203 258 38 188 43 629 549 264 235 106 150 4
128 195 267 47 196 27 485 493 264 235 110 160 5
40 195 218 34 188 0 229 237 264 219 92 154 6
124 195 261 62 212 43 629 565 264 251 127 155 7
118 195 259 46 196 27 501 493 264 235 113 150 8
98 195 254 34 188 11 261 261 264 219 96 155 9
116 203 264 43 188 27 533 549 264 235 116 154 10
125 195 272 46 188 11 461 493 264 235 110 15000 11
Chip#1
105 195 259 35 188 0 213 237 264 219 93 164 0
192 362 279 46 188 27 469 493 264 251 116 165 1
200 388 290 44 196 27 461 493 264 251 117 155 2
110 195 259 30 188 11 261 245 264 219 97 156 3
131 203 264 46 196 43 703 565 264 235 108 156 4
72 195 267 48 180 27 469 493 264 235 107 164 5
102 195 267 47 196 27 261 261 264 235 98 163 6
127 203 264 62 212 43 629 627 264 251 125 161 7
121 195 269 57 212 27 501 493 264 251 117 163 8
101 195 256 31 188 11 245 245 264 219 97 154 9
125 203 269 51 196 43 549 602 264 267 121 157 10
114 195 263 40 188 11 389 493 264 219 102 15000 11
Chip#1
98 195 252 30 188 11 213 237 264 219 91 155 0
192 361 276 42 188 27 469 493 264 251 113 164 1
192 331 287 39 188 27 461 493 264 251 113 152 2
107 195 256 36 188 11 277 245 264 219 90 156 3
129 195 265 48 188 43 629 549 264 235 110 159 4
125 203 265 47 196 27 485 493 264 251 103 159 5
99 195 265 41 196 27 261 245 264 219 97 160 6
127 195 260 70 196 43 629 625 264 251 129 161 7
124 195 264 57 196 27 517 493 264 251 115 160 8
96 195 259 35 188 0 245 245 264 219 97 151 9
129 203 269 51 196 43 533 549 264 251 121 164 10
116 195 265 46 180 11 461 493 264 235 103 15000 11
Chip#1
107 195 264 34 188 11 213 237 264 219 97 165 0
192 357 277 41 196 43 469 493 264 251 111 160 1
192 331 297 43 188 27 461 493 264 251 120 160 2
109 195 258 34 188 0 261 245 264 219 93 158 3
135 195 273 47 196 43 629 565 264 235 113 156 4
124 203 270 44 196 27 485 493 264 251 112 163 5
91 195 259 34 188 11 245 245 264 219 91 158 6
125 203 268 67 212 43 706 632 264 251 127 163 7
123 195 263 53 196 27 501 493 264 235 113 159 8
100 195 260 41 196 27 277 277 264 251 103 165 9
123 203 268 51 196 27 533 549 264 235 122 165 10
120 195 268 44 196 11 461 493 264 235 110 15000 11
Chip#1
101 195 259 35 188 11 213 237 264 219 89 158 0
192 357 277 39 196 27 469 493 264 251 117 160 1
200 331 287 42 196 27 461 493 264 251 120 159 2
113 195 267 39 188 11 261 245 264 219 98 160 3
127 203 260 40 196 43 703 617 264 235 112 150 4
118 195 261 41 196 27 469 493 264 235 101 154 5
101 195 263 38 188 11 261 245 264 235 93 155 6
128 195 268 62 196 27 629 633 264 251 126 158 7
125 195 267 51 196 11 501 493 264 235 112 159 8
102 195 258 35 188 11 261 261 264 219 96 155 9
123 195 269 51 188 27 533 549 264 235 122 163 10
121 195 264 44 188 11 461 493 264 235 111 15000 11
Chip#1
102 195 256 35 188 11 213 237 264 219 92 154 0
192 355 272 36 196 27 469 493 264 251 111 154 1
192 331 296 44 188 27 461 493 264 251 120 152 2
56 195 259 33 188 0 261 245 264 219 93 155 3
132 203 267 44 196 43 712 617 264 235 116 152 4
120 203 263 42 196 43 485 493 264 235 103 156 5
99 195 264 40 196 27 261 261 264 235 97 158 6
117 195 259 58 196 27 629 565 264 235 119 149 7
121 195 263 53 196 27 501 493 264 251 119 156 8
95 195 250 33 188 0 261 245 264 219 91 149 9
113 195 263 39 188 11 533 533 264 235 113 155 10
111 195 264 43 196 27 461 493 264 235 102 15000 11
Chip#1
100 195 261 33 188 11 229 237 264 219 92 160 0
192 299 274 34 188 27 469 493 264 251 112 156 1
192 331 291 34 188 27 461 493 264 235 111 154 2
106 195 261 36 188 11 277 245 264 219 96 159 3
143 203 278 54 196 43 717 565 264 251 122 166 4
118 195 263 43 196 27 485 493 264 235 106 156 5
98 195 256 39 188 11 261 245 264 219 93 159 6
72 195 263 66 196 27 629 565 264 251 124 161 7
127 195 270 54 212 43 517 493 264 251 117 165 8
96 195 255 31 188 11 261 261 264 219 91 154 9
124 195 268 44 196 27 533 549 264 251 119 165 10
117 195 268 43 196 27 461 493 264 235 108 15000 11
Chip#1
101 195 259 35 188 11 213 237 264 219 96 163 0
192 365 277 42 196 27 469 493 264 251 122 164 1
200 387 290 38 188 27 461 493 264 251 116 156 2
112 195 259 36 188 11 277 261 264 219 98 160 3
123 203 264 42 196 43 706 565 264 235 113 158 4
118 203 263 46 196 27 485 493 264 235 105 155 5
91 195 254 34 188 11 245 237 264 219 93 159 6
118 195 259 57 196 43 629 565 264 251 121 155 7
113 195 260 51 196 27 501 493 264 235 107 156 8
94 195 252 26 188 11 261 261 264 219 93 154 9
120 195 263 42 196 27 533 600 264 251 119 156 10
116 195 263 43 196 11 461 493 264 235 107 15000 11
Chip#1
105 195 255 34 188 0 213 237 264 219 93 160 0
192 299 272 41 188 27 461 493 264 251 113 156 1
200 388 287 38 188 27 461 493 264 251 117 158 2
114 195 269 39 196 27 277 261 264 235 101 163 3
123 203 262 42 196 59 707 619 264 251 107 151 4
125 195 267 40 196 27 485 493 264 235 107 158 5
101 195 263 39 188 11 245 245 264 219 97 156 6
127 203 265 60 212 43 698 630 264 251 122 158 7
120 195 267 51 196 27 501 493 264 251 111 161 8
99 195 260 36 188 11 261 261 264 219 96 159 9
118 195 264 43 196 27 533 601 264 251 112 155 10
118 195 265 52 196 27 461 493 264 235 111 15000 11
Chip#1
101 195 254 31 188 11 213 237 264 219 97 159 0
192 366 279 39 188 27 469 493 264 251 117 166 1
192 387 290 38 196 27 461 493 264 251 115 155 2
103 195 252 26 188 0 261 245 264 219 89 156 3
125 195 261 39 188 43 629 616 264 235 108 154 4
124 203 270 47 196 27 485 493 264 235 115 164 5
91 195 263 30 188 11 261 261 264 235 94 160 6
118 195 261 54 212 43 629 627 264 251 124 160 7
114 195 260 42 196 11 501 493 264 235 110 151 8
96 195 261 34 188 11 261 261 264 219 94 159 9
125 203 270 46 196 27 549 549 264 251 117 164 10
116 195 267 38 196 11 461 493 264 235 107 15000 11
