Chip#1
91 91 92 97 94 99 92 88 97 91 93 90 0
97 92 97 101 100 98 101 92 96 105 105 98 1
98 98 102 105 107 101 103 97 101 112 110 100 2
97 94 100 108 107 103 104 97 97 102 99 99 3
109 106 111 106 111 111 106 102 112 121 115 107 4
102 95 102 100 103 101 97 93 103 109 109 95 5
103 104 114 111 108 107 107 99 107 108 105 105 6
106 97 110 111 107 109 105 104 102 118 131 103 7
102 97 106 103 103 103 104 99 104 118 131 99 8
105 102 106 108 107 104 103 97 109 105 106 102 9
100 101 105 105 107 105 104 97 106 109 110 99 10
100 97 105 99 100 101 102 94 100 110 107 15000 11
Chip#1
104 104 106 106 109 106 102 99 106 107 99 105 0
106 105 112 110 114 106 106 107 109 124 131 107 1
104 104 110 111 113 107 109 102 108 122 131 102 2
106 101 112 109 108 108 110 107 107 108 109 102 3
105 104 103 111 111 109 103 100 107 128 131 107 4
102 97 106 101 101 105 99 96 109 126 131 98 5
95 94 101 101 96 97 99 89 99 100 96 88 6
105 101 110 112 112 108 106 102 112 133 131 105 7
103 102 107 107 109 106 103 96 109 131 131 99 8
99 95 107 107 99 100 102 96 106 109 102 101 9
108 105 111 113 108 106 110 101 112 131 131 101 10
98 99 102 102 99 99 101 92 105 122 131 15000 11
Chip#1
109 108 112 113 113 108 111 106 109 127 131 103 0
115 114 115 158 169 117 127 120 127 298 307 130 1
106 108 111 152 168 113 120 117 127 326 318 122 2
111 115 112 119 120 112 110 107 113 151 163 105 3
147 138 116 161 164 113 120 114 125 355 356 126 4
141 131 119 156 164 117 121 117 128 377 369 131 5
106 107 111 118 120 109 112 104 112 155 163 106 6
135 121 121 165 165 116 124 117 139 429 387 128 7
113 115 110 151 164 109 115 111 134 422 403 122 8
108 108 111 113 118 104 109 102 106 173 163 102 9
144 130 130 162 154 120 127 118 180 429 355 119 10
118 120 119 150 138 108 121 111 164 404 363 15000 11
Chip#1
104 106 111 111 113 106 109 102 107 119 131 101 0
105 108 112 153 167 117 120 112 119 296 307 122 1
108 110 114 153 168 112 124 117 126 326 318 122 2
112 110 112 116 122 108 110 106 110 148 147 101 3
147 134 116 159 164 115 126 116 123 349 356 120 4
147 129 117 153 156 114 125 119 132 373 369 131 5
109 113 112 123 119 111 112 104 114 159 147 105 6
137 122 121 167 168 114 125 118 135 429 387 122 7
119 120 121 158 164 114 127 115 139 430 403 127 8
109 109 114 122 119 108 115 104 110 175 163 100 9
137 127 116 156 151 114 122 116 164 423 350 114 10
137 127 117 146 171 112 122 114 180 410 366 15000 11
Chip#1
104 102 107 112 115 108 105 104 107 115 131 106 0
115 112 112 156 168 117 120 117 122 300 307 128 1
104 108 107 152 165 113 119 117 123 320 314 124 2
109 107 108 118 121 111 111 104 107 147 147 102 3
149 135 120 161 164 116 124 117 128 353 358 122 4
147 135 117 152 164 116 127 123 128 378 374 134 5
109 112 114 121 121 115 119 109 110 157 147 101 6
135 121 115 162 164 117 122 112 134 422 387 126 7
115 119 112 156 152 116 124 116 133 427 403 125 8
110 115 116 119 120 112 111 108 113 181 163 106 9
145 134 130 163 164 119 131 116 164 433 356 124 10
118 117 112 139 135 109 114 112 140 402 359 15000 11
Chip#1
106 104 111 111 113 111 110 100 108 122 120 105 0
111 112 112 161 167 114 121 118 121 301 304 131 1
103 109 107 145 164 113 117 110 122 320 312 119 2
115 113 115 122 119 113 116 114 109 156 163 102 3
155 143 128 169 170 123 125 120 127 359 362 132 4
140 124 114 149 150 109 116 111 125 370 361 122 5
111 112 111 123 122 115 116 106 110 160 163 106 6
133 117 114 158 164 112 120 111 135 422 387 117 7
133 119 117 159 164 116 126 115 141 433 403 130 8
104 108 112 119 119 104 114 105 113 181 179 103 9
139 130 124 153 156 116 125 120 164 428 347 118 10
140 127 122 151 144 116 124 117 164 412 366 15000 11
