Chip#1
94 195 261 33 188 0 205 237 264 219 91 155 0
84 195 218 16 188 0 205 237 262 203 74 144 1
85 195 250 21 188 0 205 237 264 219 85 151 2
91 195 252 21 188 0 205 237 264 219 85 150 3
87 195 255 21 188 0 205 237 264 219 83 147 4
87 195 250 22 188 0 205 237 264 203 81 152 5
87 195 252 25 188 0 205 237 264 203 84 147 6
88 195 252 29 188 0 205 237 264 203 83 151 7
87 195 254 25 188 0 205 237 264 219 81 151 8
91 195 252 25 188 0 205 237 264 219 89 152 9
83 195 250 20 188 0 205 237 264 203 83 151 10
89 195 255 30 188 0 205 237 264 219 85 15000 11
Chip#1
81 195 251 20 188 0 205 237 264 219 79 152 0
85 195 218 17 188 0 205 237 264 203 77 146 1
89 195 251 22 188 0 205 237 264 203 88 154 2
85 195 218 21 188 0 205 237 264 203 80 153 3
40 195 260 28 188 0 205 237 264 219 86 156 4
84 195 250 20 188 0 205 237 264 203 81 144 5
85 195 259 22 188 0 205 237 264 219 81 149 6
95 195 259 30 188 0 205 237 264 219 89 160 7
87 195 254 24 188 0 205 237 264 219 83 149 8
87 195 252 22 188 0 205 237 264 219 84 149 9
40 195 258 30 188 0 205 237 264 219 88 164 10
91 195 256 26 188 0 205 237 264 219 89 15000 11
Chip#1
84 195 255 21 188 0 205 237 264 219 88 151 0
120 195 254 29 188 0 245 245 264 235 102 155 1
72 195 263 33 188 0 261 245 264 235 101 155 2
101 195 259 33 188 11 213 237 264 219 94 152 3
56 195 263 33 188 11 309 293 264 235 107 155 4
95 195 254 30 188 0 261 261 264 219 93 154 5
89 195 258 30 188 11 213 237 264 235 92 154 6
105 195 258 49 196 11 309 309 264 251 113 156 7
56 195 261 41 180 0 277 261 264 235 106 154 8
94 195 258 34 188 11 213 237 264 219 93 159 9
100 195 260 36 196 11 293 293 264 235 103 155 10
105 195 260 38 188 0 245 261 264 235 103 15000 11
Chip#1
89 195 254 26 188 0 205 237 264 219 89 159 0
132 219 260 33 188 11 293 277 264 251 115 158 1
138 219 265 30 188 0 277 277 264 235 110 158 2
101 195 260 30 188 0 229 237 264 219 97 160 3
118 203 269 36 196 27 357 341 264 251 113 158 4
109 195 260 35 188 11 293 293 264 235 101 151 5
88 195 258 33 188 0 213 237 264 219 89 158 6
110 195 260 56 196 11 341 341 264 251 119 159 7
56 195 258 42 188 0 293 277 264 235 105 155 8
96 195 256 28 188 0 213 237 264 219 91 156 9
56 195 264 43 188 0 309 325 264 235 116 163 10
102 195 261 31 188 11 277 293 264 235 101 15000 11
Chip#1
95 195 260 28 188 11 213 237 264 235 94 163 0
149 219 265 38 188 11 309 293 264 251 120 164 1
146 219 261 30 188 0 293 277 264 251 111 155 2
107 195 267 41 196 27 229 237 264 235 101 161 3
72 195 265 47 196 27 373 357 264 251 117 163 4
114 195 264 42 196 11 309 293 264 235 105 156 5
89 195 251 29 188 0 213 237 264 203 89 154 6
117 195 255 58 196 11 373 357 264 267 125 156 7
116 195 264 56 196 11 309 309 264 251 116 159 8
102 195 261 33 196 27 245 245 264 235 102 163 9
120 195 267 44 180 11 341 357 264 251 124 161 10
105 195 256 36 188 11 293 293 264 235 103 15000 11
Chip#1
40 195 258 22 188 0 205 237 264 219 91 156 0
145 235 258 34 188 11 309 293 264 267 117 152 1
161 235 274 34 188 11 309 293 264 267 119 159 2
96 195 260 28 188 0 229 237 264 219 90 153 3
117 195 264 36 188 11 389 357 264 235 112 154 4
121 195 272 46 196 11 325 309 264 235 115 165 5
87 195 258 29 188 0 213 237 264 219 92 156 6
123 195 263 72 212 27 389 373 264 267 135 166 7
112 195 263 51 196 11 341 325 264 251 121 160 8
98 195 263 36 188 11 229 245 264 235 106 163 9
117 195 265 40 196 11 357 373 264 251 126 159 10
112 195 264 33 188 11 293 293 264 235 110 15000 11
