Chip#1
108 116 110 112 111 109 114 108 105 109 108 116 0
107 107 106 108 100 96 108 100 94 109 107 113 1
108 112 111 109 105 119 136 104 105 114 106 112 2
103 112 104 110 107 143 145 98 109 114 109 109 3
107 107 105 104 97 99 105 100 94 103 102 111 4
105 107 105 107 104 126 150 105 126 139 105 112 5
97 107 101 101 95 127 150 98 121 134 101 102 6
105 105 104 107 97 94 108 102 94 104 100 112 7
98 102 104 103 98 96 104 95 89 103 96 111 8
105 111 110 108 104 100 106 104 101 109 112 113 9
104 107 106 106 105 105 111 109 97 109 106 114 10
99 102 100 102 94 95 101 97 92 106 104 106 15000 11
Chip#2
98 96 94 97 96 100 101 98 95 93 98 107 0
100 99 92 100 102 97 106 94 103 95 99 104 1
100 96 92 90 93 98 99 97 98 97 94 101 2
102 96 92 104 99 102 102 97 100 97 94 104 3
99 98 92 102 98 102 102 98 97 95 95 103 4
100 98 92 99 97 96 101 94 97 92 93 103 5
104 99 95 104 103 108 102 102 99 97 101 111 6
96 98 95 97 94 90 113 116 101 106 115 107 7
98 96 95 100 96 100 106 112 101 100 111 108 8
104 104 99 107 107 105 107 107 106 102 101 112 9
99 100 95 103 102 100 114 118 99 100 101 104 10
98 95 95 99 97 100 109 112 94 92 95 98 15000 11
Chip#1
102 103 102 98 98 96 105 99 89 103 104 104 0
105 107 102 109 103 95 108 100 98 108 105 109 1
99 105 99 98 94 143 149 103 100 114 102 106 2
97 103 94 101 97 159 175 98 97 112 97 102 3
102 99 98 94 97 97 100 94 92 103 96 105 4
105 106 104 106 104 159 181 103 147 164 102 115 5
99 105 95 103 97 143 190 102 156 169 102 105 6
102 107 106 102 100 102 109 103 93 106 102 106 7
94 99 98 93 98 94 105 98 89 99 95 102 8
103 111 107 109 102 106 108 104 96 110 104 112 9
104 106 100 102 98 94 105 103 88 105 97 112 10
94 114 102 113 104 94 110 105 94 106 104 112 15000 11
Chip#2
99 93 95 97 95 96 106 96 95 86 97 99 0
103 100 95 102 99 97 103 100 99 93 103 108 1
98 99 95 102 99 100 101 98 98 93 99 102 2
103 102 95 105 101 108 107 105 101 95 105 109 3
102 98 95 102 98 101 109 102 99 93 101 107 4
99 99 95 100 97 98 103 101 100 92 102 107 5
96 95 95 99 95 96 99 94 97 90 98 102 6
94 90 95 97 95 98 122 135 92 113 134 102 7
104 100 92 107 105 102 120 124 100 107 122 108 8
98 95 92 98 95 98 99 100 100 89 98 98 9
94 92 92 95 92 92 114 130 94 89 97 98 10
100 96 92 104 98 100 110 120 100 95 99 102 15000 11
Chip#1
102 108 107 104 104 96 111 104 96 106 104 112 0
98 100 99 102 97 97 108 102 94 102 97 105 1
102 97 99 101 98 207 226 99 116 124 102 100 2
100 105 99 99 98 255 267 102 126 126 104 100 3
102 105 106 104 103 100 108 100 95 106 100 107 4
91 94 87 93 90 223 274 92 230 237 91 98 5
109 111 106 107 108 261 323 108 259 282 104 108 6
100 105 104 107 100 94 110 102 93 108 101 105 7
93 96 98 98 94 95 100 89 83 100 94 104 8
105 108 110 111 107 105 109 105 97 104 106 112 9
113 112 110 108 111 105 110 104 98 104 110 109 10
100 99 101 98 99 99 109 98 90 108 101 105 15000 11
Chip#2
106 106 95 104 105 108 109 104 105 96 105 112 0
108 100 92 107 107 102 107 107 105 104 105 107 1
99 102 92 100 102 97 102 97 105 95 98 106 2
99 100 92 100 98 102 98 97 104 92 91 102 3
103 98 92 99 98 100 106 97 100 93 98 104 4
103 98 94 104 105 105 106 100 101 96 98 111 5
106 103 94 105 110 106 111 116 106 106 115 107 6
99 99 94 103 103 98 273 403 115 265 359 120 7
104 100 94 103 101 105 211 285 111 194 265 118 8
111 106 100 111 109 109 120 127 110 106 109 112 9
103 99 92 107 107 102 241 340 120 126 139 111 10
104 100 92 102 99 104 192 255 107 113 126 102 15000 11
Chip#1
99 103 96 103 98 95 108 105 92 109 102 112 0
108 105 106 109 108 101 109 104 95 105 101 114 1
92 96 93 98 94 239 230 92 121 124 99 102 2
102 104 101 109 100 297 323 104 137 142 104 106 3
97 99 100 96 93 96 101 95 87 103 97 97 4
100 102 99 104 100 257 347 100 272 300 104 106 5
99 100 98 104 98 299 395 98 299 328 102 101 6
104 108 104 111 105 104 113 100 100 112 105 109 7
107 105 105 109 102 101 104 105 94 108 102 106 8
107 105 102 108 102 99 106 100 94 105 105 111 9
104 97 106 97 89 94 99 97 88 103 95 99 10
105 105 107 104 107 107 109 104 101 104 105 108 15000 11
Chip#2
103 98 92 104 101 102 101 93 103 90 101 103 0
104 96 92 105 102 102 103 97 105 96 99 104 1
102 99 91 94 101 101 102 97 98 97 98 99 2
104 102 94 99 101 105 107 106 107 96 105 106 3
106 100 94 103 97 101 107 101 101 93 98 107 4
100 102 94 105 102 111 107 105 104 99 105 107 5
107 104 96 105 107 113 120 124 111 110 123 112 6
102 104 96 102 102 108 369 558 124 347 473 127 7
102 102 95 107 105 106 246 392 113 241 354 116 8
103 100 94 103 102 108 113 124 105 103 107 107 9
103 94 94 102 99 104 315 490 123 136 158 108 10
100 98 94 102 102 101 229 356 112 115 141 103 15000 11
Chip#1
107 106 106 108 104 102 113 103 98 109 107 118 0
105 105 104 106 98 102 104 95 95 104 102 113 1
98 100 96 96 100 239 254 98 129 133 97 105 2
105 107 104 107 105 325 357 103 144 146 107 112 3
98 103 101 104 102 99 106 98 93 104 99 101 4
94 100 93 99 94 272 377 99 287 319 100 98 5
102 107 102 108 104 331 432 103 334 362 104 109 6
110 111 106 111 103 107 120 103 101 116 106 116 7
104 103 101 102 100 97 104 99 94 103 105 107 8
94 99 89 97 95 95 103 94 89 97 95 102 9
102 100 98 104 98 94 103 97 93 104 104 104 10
102 105 99 102 100 95 104 98 90 105 105 105 15000 11
Chip#2
106 99 94 103 102 102 102 100 104 96 99 103 0
102 95 94 94 97 98 95 97 100 89 99 99 1
104 107 96 108 106 104 103 105 105 102 105 108 2
107 106 99 105 106 108 107 105 106 99 105 107 3
103 100 95 108 106 108 110 106 104 97 105 111 4
100 94 95 103 102 97 99 98 106 95 101 103 5
98 102 92 104 101 101 110 115 103 99 118 101 6
103 99 96 100 102 102 369 555 124 348 477 130 7
106 99 96 97 105 102 250 392 111 245 349 113 8
98 98 96 98 96 98 106 119 99 93 98 98 9
102 99 96 104 102 100 314 490 126 139 159 104 10
104 102 94 103 105 104 232 356 114 126 145 107 15000 11
Chip#1
110 110 110 108 103 100 111 104 101 112 111 119 0
102 105 98 99 98 102 110 99 93 102 102 115 1
104 105 105 109 105 262 277 108 140 151 110 113 2
98 107 98 102 98 348 376 99 146 148 99 102 3
97 100 98 102 93 96 105 98 88 103 99 104 4
103 105 102 101 104 300 418 105 319 354 99 111 5
103 111 106 108 100 365 473 120 366 393 105 106 6
105 108 106 113 108 106 111 105 101 111 99 111 7
96 100 99 102 98 99 100 97 88 98 97 99 8
97 104 102 101 97 97 104 97 95 98 100 101 9
100 104 101 99 105 97 105 100 92 105 107 109 10
104 105 101 103 104 104 110 98 100 105 101 106 15000 11
Chip#2
98 95 94 103 99 100 102 98 100 92 95 102 0
99 99 94 99 98 94 103 94 101 93 95 102 1
95 95 94 100 94 94 99 98 100 89 98 100 2
106 98 94 104 101 104 109 104 107 97 102 107 3
103 100 98 108 106 105 105 105 107 99 105 109 4
106 102 94 110 105 108 111 105 109 100 101 106 5
102 104 94 105 103 102 116 120 109 102 122 107 6
106 102 98 105 106 108 372 558 125 352 479 131 7
103 103 96 109 107 108 255 394 118 254 356 124 8
103 100 96 100 99 101 118 122 107 97 103 108 9
104 100 91 108 103 100 324 490 128 142 159 111 10
107 103 95 107 107 108 236 362 118 126 142 111 15000 11
