Chipdp
120 0 0 2 16 6 4 7 9 7 10 8 9 8 10 4 10 9 10 10 11 9 11 10 4 7 6 7 7 8 6 8 7 4 10 6 10 7 11 6 11 7 4 7 3 7 4 8 3 8 4 4 10 3 10 4 11 3 11 4 4 7 0 7 1 8 0 8 1 4 10 0 10 1 11 0 11 1 4 4 9 4 10 5 9 5 10 4 1 9 1 10 2 9 2 10 4 4 6 4 7 5 6 5 7 4 1 6 1 7 2 6 2 7 4 4 3 4 4 5 3 5 4 4 1 3 1 4 2 3 2 4 4 4 0 4 1 5 0 5 1 4 1 0 1 1 2 0 2 1 4 7 0 7 1 8 0 8 1 4 10 0 10 1 11 0 11 1 4 7 3 7 4 8 3 8 4 4 10 3 10 4 11 3 11 4 4 7 6 7 7 8 6 8 7 4 10 6 10 7 11 6 11 7 4 7 9 7 10 8 9 8 10 4 10 9 10 10 11 9 11 10 4 4 0 4 1 5 0 5 1 4 1 0 1 1 2 0 2 1 4 4 3 4 4 5 3 5 4 4 1 3 1 4 2 3 2 4 4 4 6 4 7 5 6 5 7 4 1 6 1 7 2 6 2 7 4 4 9 4 10 5 9 5 10 4 1 9 1 10 2 9 2 10 
Chip#1
96 195 251 22 188 0 213 237 264 203 86 154 0
192 354 273 40 196 27 461 489 264 251 117 163 1
192 380 290 40 188 27 461 481 264 251 113 158 2
109 195 263 33 188 11 277 261 264 235 96 160 3
123 203 265 44 196 43 613 593 264 251 107 155 4
120 203 261 40 196 27 469 493 264 235 110 163 5
92 195 259 40 188 11 245 245 264 219 93 158 6
121 195 267 63 212 43 597 598 264 251 122 158 7
118 195 260 48 196 27 485 493 264 235 112 164 8
99 195 259 39 188 0 245 245 264 219 98 160 9
128 203 273 49 212 43 533 533 264 251 125 163 10
113 195 264 41 196 27 461 484 264 235 106 15000 11
Chip#1
101 195 259 34 188 0 213 237 264 219 91 158 0
192 355 277 41 196 27 461 486 264 267 120 156 1
192 331 288 39 188 11 461 483 264 251 115 159 2
114 195 263 43 188 11 261 245 264 219 98 160 3
125 203 261 35 196 43 613 533 264 251 110 159 4
116 195 256 34 188 11 461 493 264 219 98 152 5
92 195 251 33 188 0 245 237 264 203 91 156 6
125 195 265 62 212 43 597 601 264 251 125 164 7
124 195 264 53 196 27 485 493 264 251 125 163 8
98 195 256 35 188 11 245 245 264 219 92 159 9
117 203 260 43 196 43 533 533 264 251 115 156 10
107 195 256 40 188 11 389 479 264 235 98 15000 11
Chip#1
105 195 261 28 188 0 213 237 264 219 89 156 0
192 357 279 44 188 27 461 490 264 251 120 159 1
192 379 287 36 188 11 461 479 264 235 119 155 2
109 195 264 34 188 11 277 261 264 235 96 154 3
125 203 265 43 196 43 613 592 264 251 105 156 4
117 195 263 38 188 11 461 493 264 219 97 153 5
95 195 258 39 196 27 261 261 264 235 99 156 6
127 195 265 61 212 43 597 549 264 251 121 156 7
118 195 265 49 196 27 485 493 264 235 108 156 8
94 195 259 34 188 0 245 245 264 219 92 154 9
120 203 270 47 196 27 517 533 264 251 119 160 10
118 195 270 43 188 11 389 484 264 235 107 15000 11
Chip#1
103 195 255 30 188 11 213 237 264 219 89 154 0
192 299 278 42 188 11 461 389 264 251 117 161 1
200 331 297 46 196 27 461 493 264 251 122 164 2
116 195 261 36 188 11 277 261 264 235 103 161 3
72 195 263 44 188 27 597 533 264 235 105 155 4
120 195 263 43 196 27 469 493 264 235 106 156 5
98 195 261 39 188 11 245 245 264 219 92 150 6
123 195 267 63 196 43 597 549 264 251 122 159 7
116 195 256 47 188 11 485 493 264 235 110 154 8
103 195 263 40 188 11 261 261 264 235 102 165 9
120 195 265 46 188 27 517 533 264 251 115 159 10
123 195 268 40 196 11 389 489 264 235 108 15000 11
Chip#1
98 195 261 39 188 0 213 237 264 219 93 161 0
192 351 278 39 188 11 461 389 264 251 112 155 1
192 315 286 34 188 11 461 480 264 235 113 151 2
103 195 259 29 188 0 261 245 264 203 89 155 3
124 195 269 41 188 43 613 533 264 235 108 154 4
124 203 267 43 196 27 469 493 264 235 106 159 5
92 195 260 36 196 11 261 245 264 235 92 155 6
123 195 265 60 212 27 597 549 264 251 126 161 7
114 195 263 48 196 27 485 493 264 251 110 154 8
99 195 260 35 188 11 261 261 264 235 97 156 9
117 203 267 46 196 27 517 533 264 251 120 166 10
120 195 267 44 188 11 389 389 264 219 105 15000 11
Chip#1
102 195 254 30 188 11 229 237 264 235 146 155 0
192 351 270 39 188 11 461 483 264 235 112 155 1
192 331 291 41 188 27 461 490 264 251 122 156 2
103 195 250 29 188 11 277 245 264 235 91 150 3
135 195 268 43 196 43 613 598 264 235 116 158 4
123 195 263 42 188 11 461 493 264 235 105 158 5
96 195 259 39 188 11 261 245 264 235 96 156 6
127 203 267 65 212 43 665 608 264 267 131 159 7
123 195 261 54 180 11 469 493 264 235 113 160 8
99 195 255 39 188 11 261 245 264 235 92 154 9
122 203 267 51 196 43 533 583 264 251 121 157 10
112 195 256 38 188 11 389 483 264 235 102 15000 11
Chip#1
105 195 261 35 188 11 213 237 264 219 96 160 0
192 354 274 34 188 27 469 488 264 251 115 160 1
192 374 286 33 188 27 461 486 264 251 111 154 2
110 195 265 38 188 11 277 261 264 219 98 155 3
124 203 264 40 196 43 613 591 264 235 103 151 4
117 203 261 43 196 27 469 493 264 251 102 158 5
99 195 263 35 188 11 261 245 264 235 92 156 6
128 195 269 67 196 43 613 549 264 251 129 164 7
110 195 258 47 180 11 469 493 264 235 105 151 8
101 195 259 34 188 0 245 245 264 219 96 155 9
127 203 276 51 188 27 533 533 264 251 122 164 10
120 195 268 44 196 11 461 491 264 235 112 15000 11
Chip#1
98 195 255 30 188 0 213 237 264 219 94 151 0
192 351 270 34 188 27 461 489 264 251 110 152 1
192 380 291 38 188 27 461 389 264 251 116 161 2
109 195 260 29 188 0 277 245 264 235 89 155 3
129 195 264 42 188 43 613 533 264 235 107 156 4
72 195 269 46 188 27 461 493 264 235 108 166 5
99 195 263 41 188 0 245 245 264 219 97 161 6
125 195 264 61 196 27 597 549 264 251 125 163 7
118 195 268 48 196 27 485 493 264 251 117 159 8
100 195 259 34 188 11 245 261 264 235 99 154 9
118 203 263 44 196 27 517 533 264 251 117 163 10
107 195 260 31 188 0 373 373 264 219 98 15000 11
Chip#1
106 195 255 34 188 11 229 237 264 219 93 163 0
192 299 282 41 188 27 461 493 264 251 121 168 1
192 331 291 42 188 27 461 389 264 251 120 160 2
118 195 264 40 188 11 277 261 264 235 101 159 3
134 203 268 46 196 43 613 601 264 251 115 161 4
121 203 265 42 196 27 469 493 264 235 103 156 5
99 195 256 35 188 11 245 245 264 219 94 156 6
121 195 267 60 196 27 597 549 264 251 120 161 7
118 195 258 49 196 11 485 493 264 235 113 156 8
98 195 256 36 188 0 245 245 264 219 99 158 9
121 195 269 42 188 27 517 533 264 251 111 160 10
117 195 268 41 188 11 373 373 264 219 106 15000 11
Chip#1
94 195 250 30 188 11 213 237 264 219 90 151 0
192 299 273 41 188 27 461 493 264 251 112 161 1
192 380 287 38 188 11 461 389 264 251 113 154 2
114 195 258 35 188 11 261 261 264 235 93 154 3
129 203 264 44 196 43 613 549 264 251 113 156 4
117 195 256 42 196 27 461 493 264 235 105 147 5
101 195 258 38 188 11 261 245 264 235 92 155 6
121 195 267 61 196 43 597 549 264 251 124 159 7
117 195 258 44 196 27 485 493 264 251 108 155 8
102 195 254 34 188 11 245 261 264 219 93 154 9
127 203 269 53 196 43 533 533 264 267 124 164 10
124 195 272 48 196 27 461 493 264 235 112 15000 11
Chip#1
98 195 251 26 188 11 229 237 264 235 92 159 0
192 347 269 39 188 11 461 389 264 235 115 156 1
200 383 285 33 188 27 461 489 264 267 110 154 2
113 195 265 39 188 11 277 261 264 235 101 159 3
134 203 268 46 196 43 629 549 264 251 113 163 4
116 195 260 38 196 27 469 493 264 235 105 154 5
89 195 252 34 188 11 261 245 264 235 94 154 6
72 195 268 61 196 43 597 549 264 251 128 156 7
114 195 261 44 196 27 485 493 264 235 112 156 8
99 195 258 34 188 11 261 261 264 219 97 155 9
124 195 261 47 196 27 517 533 264 251 116 160 10
116 195 264 41 196 27 461 490 264 235 107 15000 11
Chip#1
99 195 259 29 188 11 213 237 264 219 90 156 0
192 362 281 46 196 27 461 493 264 251 121 165 1
192 383 291 42 188 11 461 389 264 251 117 159 2
100 195 252 33 188 0 261 245 264 219 89 154 3
129 203 264 42 196 43 613 600 264 235 110 156 4
123 195 263 47 196 11 461 493 264 235 106 158 5
100 195 260 43 196 11 261 261 264 235 96 163 6
129 195 268 66 212 43 613 549 264 267 125 164 7
116 195 267 52 188 11 485 493 264 235 112 158 8
98 195 258 34 188 27 261 261 264 235 146 154 9
72 195 272 53 196 27 517 517 264 235 120 165 10
113 195 265 42 188 11 389 389 264 235 102 15000 11
Chip#1
99 195 256 34 188 0 213 237 264 219 91 156 0
192 362 283 49 188 27 461 493 264 251 122 169 1
200 384 287 41 196 27 461 491 264 251 119 156 2
110 195 267 39 196 11 277 261 264 235 105 155 3
138 203 276 51 196 43 629 549 264 251 122 165 4
127 203 270 46 196 27 469 493 264 235 110 163 5
96 195 259 41 196 11 261 261 264 235 99 160 6
125 203 269 70 212 43 613 615 264 251 130 161 7
117 195 267 54 196 27 501 493 264 251 115 164 8
98 195 260 36 188 0 245 261 264 219 94 155 9
121 195 267 51 196 27 517 533 264 251 116 158 10
114 195 265 43 196 11 461 486 264 235 105 15000 11
Chip#1
88 195 252 30 188 0 213 237 264 203 88 152 0
192 283 279 42 188 11 461 389 264 235 113 160 1
192 315 291 40 188 11 461 389 264 251 116 155 2
105 195 260 29 188 0 261 245 264 219 99 158 3
128 203 263 39 196 43 613 598 264 235 108 152 4
123 203 264 46 196 27 469 493 264 235 107 160 5
98 195 263 39 188 0 245 237 264 219 92 156 6
114 203 261 56 212 43 663 598 264 251 121 152 7
118 195 263 53 196 27 485 493 264 235 113 155 8
102 195 263 40 188 0 261 245 264 219 102 160 9
120 195 267 48 188 27 517 533 264 251 120 159 10
109 195 263 42 196 11 389 485 264 235 102 15000 11
Chip#1
107 195 261 34 188 11 213 237 264 219 97 161 0
192 351 278 39 188 27 461 493 264 251 115 161 1
192 315 287 36 188 11 461 485 264 251 108 153 2
111 195 263 35 196 27 277 261 264 235 146 159 3
138 203 268 47 196 43 613 549 264 251 113 158 4
129 195 273 43 196 27 469 493 264 235 110 163 5
100 195 263 40 188 11 261 245 264 235 94 160 6
127 195 265 58 212 43 665 612 264 267 116 155 7
118 195 265 48 196 27 485 493 264 251 111 158 8
106 195 267 44 188 11 261 261 264 235 102 161 9
121 203 267 47 196 27 517 533 264 251 115 165 10
118 195 267 42 188 11 389 485 264 235 105 15000 11
Chip#1
101 195 255 31 188 0 213 237 264 219 92 156 0
192 354 278 39 188 27 469 491 264 251 116 156 1
200 383 297 46 196 43 461 493 264 267 119 163 2
113 195 264 35 188 11 277 245 264 235 98 159 3
134 203 272 47 196 43 613 549 264 251 113 161 4
120 203 267 48 196 43 469 493 264 251 108 156 5
99 195 264 40 188 11 261 245 264 219 101 161 6
124 195 267 65 196 27 597 549 264 251 120 155 7
117 195 260 52 212 43 501 493 264 251 162 152 8
105 195 256 34 188 11 245 245 264 219 98 151 9
120 203 264 44 188 27 517 533 264 235 115 159 10
123 195 269 49 196 11 389 389 264 235 115 15000 11
Chip#1
103 195 258 34 188 0 213 237 264 219 98 160 0
192 350 268 35 188 11 461 389 264 251 117 156 1
192 331 290 40 196 27 461 490 264 251 117 156 2
105 195 261 31 188 11 261 245 264 235 98 156 3
123 203 267 42 196 43 613 549 264 251 115 159 4
120 195 263 41 196 27 461 493 264 235 107 156 5
94 195 263 39 188 11 245 245 264 219 98 158 6
121 203 267 62 212 43 613 611 264 267 124 158 7
109 195 260 46 188 11 485 493 264 235 110 156 8
95 195 264 38 196 11 261 261 264 235 96 161 9
117 195 265 44 196 27 517 533 264 235 120 158 10
116 195 270 42 196 27 461 491 264 235 111 15000 11
Chip#1
94 195 252 28 188 0 213 237 264 219 90 151 0
192 351 272 35 188 27 461 489 264 251 108 160 1
200 331 291 43 196 27 461 488 264 251 120 164 2
113 195 268 42 188 11 277 261 264 235 102 165 3
118 203 252 33 188 43 613 592 264 235 97 150 4
124 195 259 41 196 27 469 493 264 235 107 163 5
96 195 263 35 188 11 245 245 264 219 93 158 6
129 195 264 67 196 27 597 549 264 251 125 161 7
117 195 263 47 196 27 485 493 264 251 113 158 8
106 195 265 42 196 11 261 261 264 235 98 170 9
127 203 267 48 196 27 517 533 264 251 117 160 10
114 195 258 39 188 11 389 483 264 219 102 15000 11
Chip#1
92 195 251 25 188 0 213 237 264 219 90 156 0
192 351 277 40 188 27 461 493 264 251 116 163 1
200 390 292 44 188 27 461 493 264 267 116 163 2
112 195 264 39 188 11 277 261 264 235 97 159 3
129 203 264 41 188 43 613 549 264 235 107 161 4
120 195 265 42 196 27 461 493 264 235 107 164 5
89 195 254 35 188 11 261 245 264 219 90 154 6
120 195 264 61 196 27 613 549 264 251 115 159 7
116 195 259 46 196 27 485 493 264 235 106 159 8
100 195 261 36 196 27 261 261 264 235 98 163 9
121 195 263 41 196 27 517 533 264 251 116 156 10
112 195 259 40 196 27 461 484 264 235 99 15000 11
Chip#1
100 195 263 33 196 11 229 237 264 235 99 163 0
192 299 274 41 188 27 461 493 264 251 119 160 1
192 331 289 44 188 27 461 491 264 251 119 159 2
114 195 260 34 188 11 277 245 264 235 94 158 3
118 195 258 38 188 43 613 533 264 235 103 150 4
127 195 265 47 188 27 461 493 264 235 112 164 5
91 195 260 39 196 27 261 261 264 235 96 152 6
120 195 259 53 196 43 597 549 264 251 119 154 7
110 195 256 44 188 11 485 493 264 235 107 156 8
95 195 254 34 188 11 261 261 264 219 93 155 9
118 195 263 41 196 27 517 533 264 235 112 159 10
118 195 263 41 188 11 389 389 264 235 108 15000 11
Chip#1
105 195 263 33 188 0 213 237 264 219 99 163 0
192 362 276 44 196 27 461 493 264 251 119 165 1
192 331 291 42 188 27 461 493 264 251 116 159 2
103 195 252 25 188 11 277 261 264 235 146 150 3
132 195 265 47 188 43 613 533 264 235 116 163 4
125 203 270 44 188 27 469 493 264 235 111 163 5
102 195 263 42 188 11 245 245 264 219 101 160 6
125 203 270 63 212 43 613 614 264 267 124 165 7
112 195 255 42 196 11 485 493 264 235 107 154 8
101 195 265 39 188 11 261 261 264 235 101 159 9
120 195 268 42 188 27 517 533 264 251 115 155 10
117 195 265 40 196 11 389 488 264 235 106 15000 11
Chip#1
96 195 255 30 188 11 213 237 264 219 97 158 0
192 355 278 41 188 27 461 493 264 267 116 164 1
192 390 288 38 188 27 461 493 264 251 116 159 2
103 195 218 30 188 0 245 237 264 203 90 153 3
121 195 259 36 188 27 613 533 264 235 103 151 4
120 195 265 43 188 11 461 493 264 235 103 155 5
95 195 256 36 188 11 261 245 264 219 96 154 6
118 195 263 56 196 27 597 549 264 251 120 155 7
116 195 260 48 196 27 485 493 264 251 111 158 8
91 195 256 33 188 11 261 245 264 219 91 152 9
123 195 268 47 196 27 517 517 264 251 111 158 10
121 195 267 46 196 11 389 493 264 235 107 15000 11
Chip#1
106 195 264 38 196 11 229 237 264 235 101 169 0
192 350 269 30 188 11 461 389 264 251 108 153 1
200 391 290 41 196 27 461 493 264 267 119 163 2
107 195 264 36 188 0 277 245 264 219 98 158 3
123 203 267 38 196 43 629 549 264 251 110 158 4
121 195 265 41 180 27 469 493 264 235 106 160 5
106 195 264 46 196 27 261 261 264 235 99 164 6
125 195 267 62 196 43 613 615 264 251 121 164 7
114 195 261 41 180 11 485 493 264 235 111 156 8
95 195 261 36 188 11 261 245 264 235 98 158 9
121 195 269 44 188 27 517 533 264 251 117 163 10
118 195 273 48 196 27 461 493 264 235 112 15000 11
Chip#1
106 195 264 42 188 11 229 237 264 235 98 161 0
192 354 272 39 188 27 461 490 264 251 110 154 1
192 331 291 41 188 11 461 491 264 235 113 156 2
103 195 267 39 196 11 277 261 264 235 99 157 3
118 203 258 42 196 59 613 592 264 251 98 150 4
114 195 261 42 188 27 469 493 264 235 102 150 5
99 195 263 40 196 27 261 261 264 235 99 158 6
123 195 264 56 196 27 597 549 264 251 117 155 7
114 195 260 49 196 11 485 493 264 235 110 155 8
98 195 259 36 188 11 261 261 264 235 96 156 9
113 195 261 41 188 27 517 533 264 235 112 155 10
117 195 261 40 188 11 389 389 264 219 107 15000 11
Chip#1
99 195 255 35 188 11 213 237 264 219 92 159 0
192 346 265 31 188 11 461 389 264 251 108 149 1
192 331 288 41 188 27 461 493 264 251 115 156 2
107 195 264 38 188 11 261 245 264 219 98 155 3
123 195 258 41 196 43 629 596 264 251 106 149 4
118 195 264 40 188 11 461 493 264 235 106 155 5
92 195 256 38 188 11 245 245 264 219 94 156 6
117 195 261 58 196 43 613 549 264 251 121 156 7
116 195 263 51 196 11 485 493 264 235 115 159 8
96 195 256 38 188 11 245 261 264 219 101 160 9
124 203 270 49 196 27 517 533 264 251 120 158 10
113 195 256 34 188 0 389 483 264 219 101 15000 11
Chip#1
107 195 264 38 188 11 229 237 264 219 98 163 0
192 347 272 34 188 27 461 488 264 251 107 151 1
200 331 292 40 188 27 461 490 264 251 115 158 2
107 195 256 31 188 11 261 245 264 235 89 152 3
135 219 270 56 212 59 629 610 264 251 113 163 4
121 203 268 44 212 43 485 493 264 251 108 160 5
99 195 260 39 188 11 245 245 264 219 93 155 6
128 203 269 67 212 43 613 617 264 267 129 165 7
120 195 264 52 196 27 485 493 264 251 115 155 8
98 195 260 38 188 0 245 245 264 219 91 155 9
121 195 270 47 188 27 517 517 264 251 115 163 10
125 195 270 51 196 27 461 493 264 235 108 15000 11
Chip#1
103 195 265 35 188 11 213 237 264 235 96 168 0
192 358 279 43 196 43 469 493 264 267 117 163 1
192 331 287 40 196 27 461 486 264 251 113 158 2
106 195 260 38 188 11 277 261 264 235 93 163 3
127 195 268 44 196 43 613 549 264 235 115 158 4
121 195 261 41 188 27 461 493 264 235 103 156 5
101 195 264 43 188 11 261 245 264 235 97 161 6
124 203 268 62 212 43 629 614 264 267 122 160 7
117 195 269 57 196 27 485 493 264 251 113 156 8
98 195 259 34 188 11 261 261 264 235 94 155 9
121 195 264 43 196 27 517 533 264 251 115 156 10
110 195 261 42 196 11 461 489 264 235 101 15000 11
Chip#1
102 195 260 35 188 11 213 237 264 219 92 159 0
192 299 281 43 188 11 461 493 264 251 117 164 1
192 315 291 44 188 11 461 490 264 251 119 160 2
106 195 256 31 188 11 261 245 264 219 97 156 3
127 203 261 38 196 43 629 549 264 251 107 158 4
125 203 267 46 196 27 469 493 264 251 110 161 5
96 195 260 38 188 11 261 245 264 235 96 156 6
128 203 265 66 212 43 613 549 264 267 124 163 7
125 203 270 62 212 27 501 493 264 251 120 165 8
94 195 258 34 188 0 261 261 264 219 94 154 9
116 195 263 42 188 27 517 533 264 251 116 158 10
116 195 264 41 196 11 389 488 264 235 107 15000 11
Chip#1
101 195 259 30 188 0 213 237 264 219 93 151 0
192 299 279 41 188 27 461 493 264 251 117 163 1
192 382 290 42 196 27 461 491 264 251 113 157 2
106 195 260 38 188 11 277 261 264 235 101 159 3
129 203 273 49 196 43 629 549 264 251 113 163 4
117 203 263 41 196 43 485 493 264 251 107 156 5
88 195 252 33 188 11 245 245 264 219 89 155 6
124 203 268 65 212 43 613 565 264 267 127 159 7
118 195 263 51 196 27 485 493 264 251 107 156 8
101 195 259 42 188 11 261 261 264 235 96 161 9
118 203 269 48 196 43 533 594 264 251 117 164 10
118 195 273 46 196 11 461 493 264 235 115 15000 11
Chip#1
105 195 255 36 188 0 213 237 264 219 94 156 0
192 354 276 42 196 27 461 493 264 251 122 160 1
200 395 296 47 196 27 461 493 264 251 124 165 2
114 195 264 38 188 11 261 261 264 235 96 156 3
135 203 268 49 196 43 629 549 264 251 113 161 4
118 195 264 43 188 27 469 493 264 235 106 156 5
101 195 264 48 188 11 261 245 264 235 99 161 6
124 195 268 61 212 43 613 612 264 251 127 164 7
125 195 267 54 196 27 485 493 264 251 116 163 8
94 195 259 36 188 11 261 261 264 235 92 154 9
117 195 260 41 188 27 517 533 264 251 113 156 10
120 195 258 44 188 11 389 389 264 235 102 15000 11
