Chip#1
95 98 89 97 89 89 105 92 94 95 94 98 0
104 105 93 101 95 99 105 96 94 98 95 99 1
98 98 85 94 104 88 102 92 92 92 94 91 2
101 103 94 100 95 99 108 99 96 99 99 99 3
109 105 97 99 96 98 107 97 98 100 101 101 4
98 94 85 93 89 85 107 90 89 91 93 94 5
99 96 92 100 104 99 102 97 95 93 92 93 6
104 98 91 99 93 95 107 96 95 98 101 101 7
96 101 89 99 104 94 107 96 94 93 92 94 8
100 103 92 102 97 96 103 99 97 97 95 98 9
106 107 98 103 104 104 112 107 104 106 102 101 10
99 103 94 102 98 98 109 101 94 98 100 15000 11
Chip#1
108 107 97 106 104 98 108 102 99 98 106 102 0
100 99 93 98 104 92 105 92 91 99 96 94 1
99 99 95 97 97 88 105 96 92 93 94 93 2
95 95 91 101 93 95 85 97 92 95 99 91 3
105 103 100 103 100 99 108 101 96 98 99 102 4
99 101 93 95 102 96 102 101 94 95 98 97 5
98 104 97 103 95 95 105 102 96 99 99 98 6
101 105 93 104 98 99 109 101 94 98 101 99 7
95 90 84 90 91 86 109 86 85 92 92 88 8
99 94 87 94 93 92 100 95 89 91 98 96 9
99 104 90 103 96 98 105 103 90 99 101 98 10
95 92 89 90 104 88 105 95 87 89 93 15000 11
Chip#1
106 105 95 102 104 100 106 99 104 103 105 103 0
154 175 107 116 105 111 130 115 111 124 126 111 1
162 184 118 112 104 104 124 128 107 131 126 107 2
120 123 106 114 104 111 121 127 109 113 113 110 3
124 140 113 116 109 115 136 139 113 126 126 110 4
119 119 106 113 108 107 126 129 106 113 115 104 5
110 109 103 113 104 110 115 115 105 112 107 107 6
118 116 107 134 118 103 129 136 106 134 128 102 7
118 142 102 125 113 110 129 134 109 134 124 104 8
114 116 108 114 107 114 126 129 113 113 119 113 9
124 137 107 122 114 112 148 154 118 137 133 113 10
113 116 100 113 106 103 131 135 110 116 116 15000 11
Chip#1
118 142 107 116 104 112 123 126 116 116 113 114 0
203 223 119 132 116 119 146 142 118 157 150 121 1
205 231 128 125 112 116 141 138 113 154 145 110 2
132 144 116 123 113 122 127 134 120 123 123 119 3
136 149 117 130 122 115 152 149 120 142 136 109 4
129 144 107 126 117 116 143 142 115 140 129 110 5
121 116 106 122 112 122 129 133 116 140 121 114 6
139 152 125 164 149 130 162 164 131 167 160 122 7
134 144 113 141 133 119 147 153 126 148 145 117 8
126 135 114 125 113 127 136 140 123 132 129 119 9
137 150 113 135 121 126 172 179 120 154 147 113 10
131 143 109 130 118 122 150 154 116 137 135 15000 11
Chip#1
122 137 112 117 112 118 129 132 120 122 121 120 0
228 253 126 130 120 111 150 149 123 169 156 111 1
244 278 137 132 119 123 150 147 126 175 156 117 2
137 152 116 126 114 123 138 141 126 136 132 120 3
151 166 123 142 134 135 179 173 137 164 151 117 4
135 154 117 135 129 124 158 157 126 150 140 113 5
124 126 119 135 122 128 136 140 117 130 127 124 6
145 155 117 169 158 127 171 177 133 180 167 122 7
139 150 117 146 140 126 154 158 121 158 150 115 8
125 138 112 126 114 120 137 147 123 133 126 113 9
150 165 122 149 142 138 201 200 137 176 168 121 10
149 162 125 145 139 135 174 177 135 154 151 15000 11
Chip#1
130 135 112 123 111 119 126 128 119 121 123 117 0
251 283 140 144 127 128 171 159 134 188 170 130 1
266 313 160 147 138 136 174 169 142 189 180 130 2
135 150 116 122 109 119 131 134 115 132 126 114 3
156 174 131 150 144 131 190 184 137 173 154 121 4
152 168 126 149 140 132 174 168 134 161 152 128 5
128 139 121 134 122 130 141 140 128 138 130 122 6
154 165 123 188 177 135 188 192 139 198 183 123 7
144 156 118 160 147 128 164 166 127 173 164 119 8
137 139 125 137 123 131 152 147 117 146 141 128 9
159 174 133 156 147 142 215 222 143 190 175 133 10
156 160 123 147 142 131 183 183 133 161 154 15000 11
