Chip#1
80 195 250 24 188 0 205 237 264 203 81 150 0
92 195 252 24 188 11 213 237 264 219 90 159 1
92 195 254 25 188 0 205 237 264 219 88 161 2
85 195 246 19 188 0 205 237 264 219 81 154 3
85 195 250 24 188 0 213 237 264 219 85 150 4
88 195 254 19 188 0 205 237 264 203 83 154 5
83 195 247 22 188 0 205 237 264 203 80 149 6
89 195 254 33 188 11 213 237 264 219 92 159 7
85 195 256 28 188 0 205 237 264 203 89 155 8
89 195 251 25 188 0 213 237 264 203 89 154 9
89 195 250 24 188 0 205 237 264 203 84 149 10
81 195 218 20 188 0 205 237 264 203 80 15000 11
