Chip#1
80 195 218 24 188 0 205 237 264 203 80 146 0
89 195 218 28 188 0 213 237 264 219 86 156 1
88 195 245 21 188 0 213 237 264 219 83 150 2
91 195 250 26 188 0 213 237 264 219 88 152 3
94 195 254 29 188 0 229 237 264 235 86 151 4
88 195 250 28 188 0 213 237 264 219 85 150 5
85 195 250 26 188 0 213 237 264 219 84 147 6
91 195 254 33 188 0 229 237 264 235 91 159 7
87 195 250 22 188 0 213 237 264 219 81 152 8
91 195 218 30 188 0 213 237 264 219 88 152 9
92 195 255 33 188 0 229 237 264 235 86 155 10
89 195 252 29 196 0 229 237 264 235 86 15000 11
