Chip#1
87 195 250 26 188 0 213 237 264 219 81 147 0
92 195 218 28 188 0 213 237 264 203 83 150 1
88 195 218 25 188 0 213 237 264 219 86 154 2
85 195 252 26 188 0 213 237 264 219 83 147 3
95 195 254 28 188 0 213 237 264 219 85 149 4
87 195 255 26 188 0 213 237 264 219 86 147 5
89 195 218 29 188 0 205 237 264 219 84 150 6
83 195 218 20 188 0 205 237 264 203 79 149 7
92 195 252 29 188 0 213 237 264 219 86 155 8
92 195 252 28 188 0 213 237 264 219 91 152 9
89 195 250 28 188 0 213 237 264 219 86 145 10
91 195 218 31 188 0 213 237 264 203 86 15000 11
Chip#1
88 195 252 28 188 0 213 237 264 219 89 155 0
92 195 250 28 188 0 213 237 264 219 84 152 1
101 195 250 28 188 0 213 237 264 219 86 151 2
92 195 218 28 188 0 205 237 264 203 83 146 3
102 195 259 38 188 0 229 237 264 219 92 154 4
92 195 247 31 188 0 213 237 264 219 86 155 5
89 195 258 31 188 0 213 237 264 219 89 152 6
88 195 218 28 188 0 205 237 264 203 83 151 7
89 195 254 31 188 0 213 237 264 219 85 151 8
95 195 218 29 188 0 205 237 264 219 86 155 9
91 195 251 34 188 0 213 237 264 219 88 151 10
85 195 218 25 188 0 205 237 264 203 83 15000 11
Chip#1
107 195 265 43 196 11 229 237 264 235 101 166 0
153 219 268 48 196 11 325 309 264 251 115 161 1
162 235 277 48 196 11 325 309 264 267 121 166 2
106 195 258 38 188 11 245 245 264 235 96 159 3
121 195 265 44 196 27 461 373 264 251 107 157 4
120 195 268 48 196 11 341 309 264 251 111 165 5
105 195 264 41 196 11 245 245 264 235 101 166 6
117 195 264 61 212 27 461 470 264 267 129 165 7
114 195 267 53 196 11 341 325 264 251 116 166 8
105 195 269 39 188 11 245 245 264 235 105 159 9
117 195 267 49 196 27 373 461 264 267 116 163 10
113 195 263 46 196 11 293 309 264 235 105 15000 11
Chip#1
99 195 255 36 188 11 213 237 264 235 91 156 0
153 203 269 47 188 11 309 293 264 251 116 170 1
151 219 272 44 188 11 309 293 264 267 111 163 2
109 195 263 44 196 11 245 245 264 235 101 165 3
121 195 267 44 212 27 389 357 264 251 111 160 4
118 195 263 51 196 27 325 309 264 235 106 161 5
103 195 259 41 188 11 229 237 264 235 99 164 6
116 195 261 61 196 11 373 357 264 251 125 163 7
72 195 270 57 196 11 325 309 264 251 122 173 8
110 195 264 46 188 11 245 245 264 235 101 166 9
121 195 272 57 212 27 357 357 264 267 120 166 10
113 195 263 47 196 11 293 293 264 235 112 15000 11
Chip#1
106 195 264 41 188 0 213 237 264 219 96 163 0
154 219 274 47 196 27 325 293 264 267 120 164 1
153 219 269 38 188 11 309 293 264 251 113 152 2
105 195 264 42 188 11 245 245 264 235 92 161 3
125 195 272 51 196 27 373 357 264 251 111 161 4
117 195 267 46 196 11 309 293 264 235 107 158 5
105 195 263 43 188 11 229 237 264 219 92 160 6
112 195 265 63 196 27 389 357 264 267 126 158 7
118 195 270 56 196 11 325 309 264 251 117 166 8
103 195 261 40 188 0 229 237 264 219 98 155 9
114 195 267 49 196 11 341 357 264 251 117 160 10
110 195 265 43 196 11 293 309 264 251 105 15000 11
Chip#1
92 195 251 29 188 0 213 237 264 219 89 152 0
158 219 269 44 188 11 309 293 264 251 115 163 1
157 235 267 38 188 11 309 293 264 251 113 155 2
109 195 264 42 188 11 245 245 264 235 98 160 3
120 195 264 46 196 27 389 445 264 251 110 159 4
118 195 268 44 196 27 325 309 264 251 111 165 5
100 195 264 43 188 11 229 237 264 235 98 163 6
112 195 260 56 196 11 373 357 264 251 120 161 7
110 195 260 49 196 11 325 325 264 251 113 163 8
105 195 268 46 188 11 245 245 264 235 103 166 9
114 195 264 47 196 11 341 357 264 251 115 164 10
116 195 265 48 196 11 293 293 264 235 112 15000 11
