Chip#1
96 99 90 95 93 89 95 97 91 92 95 102 0
103 104 97 103 104 99 106 99 96 97 100 102 1
105 109 95 103 98 102 107 104 94 100 100 105 2
104 102 95 100 104 94 103 98 95 97 101 98 3
103 101 99 101 104 100 109 101 95 97 101 104 4
101 102 94 103 104 104 106 101 95 94 102 101 5
105 109 100 111 104 108 114 107 100 105 106 109 6
109 105 98 104 104 102 108 101 97 105 107 109 7
101 100 90 104 101 98 107 98 96 98 100 101 8
101 103 92 104 104 99 103 101 94 95 96 102 9
98 101 87 95 104 96 102 99 86 93 95 98 10
95 102 92 98 104 102 105 97 94 95 96 15000 11
