Chipdp
84 2 68 4 16 11 4 1 6 2 6 1 7 2 7 4 4 6 5 6 4 7 5 7 4 7 6 8 6 7 7 8 7 4 10 6 11 6 10 7 11 7 4 1 9 2 9 1 10 2 10 4 4 9 5 9 4 10 5 10 4 7 9 8 9 7 10 8 10 4 10 9 11 9 10 10 11 10 4 1 3 2 3 1 4 2 4 4 4 3 5 3 4 4 5 4 4 7 3 8 3 7 4 8 4 4 10 3 11 3 10 4 11 4 4 1 0 2 0 1 1 2 1 4 4 0 5 0 4 1 5 1 4 7 0 8 0 7 1 8 1 4 10 0 11 0 10 1 11 1 4 1 6 2 6 1 7 2 7 4 4 6 5 6 4 7 5 7 4 7 6 8 6 7 7 8 7 4 10 6 11 6 10 7 11 7 4 1 9 2 9 1 10 2 10 4 4 9 5 9 4 10 5 10 4 7 9 8 9 7 10 8 10 4 10 9 11 9 10 10 11 10 4 1 3 2 3 1 4 2 4 4 4 3 5 3 4 4 5 4 4 7 3 8 3 7 4 8 4 4 10 3 11 3 10 4 11 4 4 1 0 2 0 1 1 2 1 4 4 0 5 0 4 1 5 1 4 7 0 8 0 7 1 8 1 4 10 0 11 0 10 1 11 1 4 6 0 7 0 6 1 7 1 4 6 3 7 3 6 4 7 4 4 6 6 7 6 6 7 7 7 4 6 9 7 9 6 10 7 10 4 9 0 10 0 9 1 10 1 4 9 3 10 3 9 4 10 4 4 9 6 10 6 9 7 10 7 4 9 9 10 9 9 10 10 10 4 3 0 4 0 3 1 4 1 4 3 3 4 3 3 4 4 4 4 3 6 4 6 3 7 4 7 4 3 9 4 9 3 10 4 10 4 0 0 1 0 0 1 1 1 4 0 3 1 3 0 4 1 4 4 0 6 1 6 0 7 1 7 4 0 9 1 9 0 10 1 10 4 7 0 8 0 7 1 8 1 4 7 3 8 3 7 4 8 4 4 7 6 8 6 7 7 8 7 4 7 9 8 9 7 10 8 10 4 10 0 11 0 10 1 11 1 4 10 3 11 3 10 4 11 4 4 10 6 11 6 10 7 11 7 4 10 9 11 9 10 10 11 10 4 4 0 5 0 4 1 5 1 4 4 3 5 3 4 4 5 4 4 4 6 5 6 4 7 5 7 4 4 9 5 9 4 10 5 10 4 1 0 2 0 1 1 2 1 4 1 3 2 3 1 4 2 4 4 1 6 2 6 1 7 2 0 0 
Chip#1
144 149 126 136 125 134 135 135 130 135 135 136 0
280 314 145 150 133 132 170 166 133 193 173 134 1
300 356 170 149 138 139 173 174 141 199 180 136 2
147 168 125 137 125 132 142 146 117 144 133 133 3
164 181 131 151 146 144 194 186 137 177 159 128 4
164 179 140 155 155 150 185 183 140 170 159 137 5
142 154 137 153 142 150 153 153 141 153 139 139 6
161 177 135 199 186 148 199 195 142 205 186 132 7
150 166 132 171 166 139 172 178 137 183 186 133 8
136 149 127 137 128 131 149 152 133 150 136 133 9
164 184 137 163 155 143 223 230 147 197 182 136 10
160 171 135 153 150 138 189 193 143 164 158 15000 11
Chip#1
144 154 130 139 122 134 142 141 133 143 138 139 0
282 319 147 147 139 135 174 170 138 198 180 136 1
294 350 165 145 134 135 171 166 136 194 180 125 2
150 167 125 128 120 128 143 141 117 146 136 121 3
167 186 132 155 146 142 195 189 138 178 164 125 4
161 180 133 153 151 140 180 179 136 168 158 131 5
142 149 130 149 139 140 152 158 137 151 136 136 6
160 172 133 197 186 143 193 193 141 207 188 131 7
161 173 140 178 167 144 185 184 143 185 180 138 8
136 150 121 137 125 134 152 152 131 151 140 127 9
160 181 136 163 153 144 225 227 143 196 180 130 10
161 174 137 155 151 144 191 193 143 172 164 15000 11
Chip#1
136 144 122 128 117 126 132 136 134 137 134 132 0
277 327 140 147 134 138 168 165 134 198 180 131 1
304 361 174 155 145 142 176 179 146 203 186 138 2
150 175 136 142 131 139 149 151 117 153 145 137 3
169 184 132 154 151 144 197 193 142 178 160 130 4
160 177 133 153 150 144 177 174 137 170 161 130 5
142 155 132 151 140 151 154 154 146 158 144 143 6
170 181 141 204 194 152 201 203 149 210 193 137 7
159 168 135 173 164 140 177 179 140 184 171 134 8
142 156 131 145 134 140 156 158 141 158 146 138 9
167 185 141 169 163 152 229 234 153 198 190 138 10
171 179 141 163 156 148 195 197 149 177 167 15000 11
Chip#1
146 152 125 134 123 132 137 143 117 143 138 134 0
277 320 144 147 138 135 166 167 129 193 187 130 1
301 355 164 145 141 138 174 172 141 197 180 134 2
154 173 123 132 123 135 147 148 129 145 140 126 3
175 189 138 158 156 152 202 196 147 183 187 137 4
161 177 131 160 153 143 183 178 137 168 157 134 5
137 150 128 146 136 144 153 152 137 148 135 136 6
169 181 135 198 190 152 200 200 144 204 195 137 7
160 173 132 173 164 148 178 182 137 183 171 132 8
146 158 135 146 140 144 159 165 144 158 147 137 9
169 185 141 161 158 156 233 236 149 199 186 139 10
166 177 140 159 153 150 196 199 142 173 164 15000 11
