Chipdp
120 0 0 2 16 6 4 7 9 7 10 8 9 8 10 4 10 9 10 10 11 9 11 10 4 7 6 7 7 8 6 8 7 4 10 6 10 7 11 6 11 7 4 7 3 7 4 8 3 8 4 4 10 3 10 4 11 3 11 4 4 7 0 7 1 8 0 8 1 4 10 0 10 1 11 0 11 1 4 4 9 4 10 5 9 5 10 4 1 9 1 10 2 9 2 10 4 4 6 4 7 5 6 5 7 4 1 6 1 7 2 6 2 7 4 4 3 4 4 5 3 5 4 4 1 3 1 4 2 3 2 4 4 4 0 4 1 5 0 5 1 4 1 0 1 1 2 0 2 1 4 7 0 7 1 8 0 8 1 4 10 0 10 1 11 0 11 1 4 7 3 7 4 8 3 8 4 4 10 3 10 4 11 3 11 4 4 7 6 7 7 8 6 8 7 4 10 6 10 7 11 6 11 7 4 7 9 7 10 8 9 8 10 4 10 9 10 10 11 9 11 10 4 4 0 4 1 5 0 5 1 4 1 0 1 1 2 0 2 1 4 4 3 4 4 5 3 5 4 4 1 3 1 4 2 3 2 4 4 4 6 4 7 5 6 5 7 4 1 6 1 7 2 6 2 7 4 4 9 4 10 5 9 5 10 4 1 9 1 10 2 9 2 10 
Chip#1
100 195 263 35 188 11 213 237 264 219 94 160 0
192 351 273 35 188 27 469 493 264 251 115 159 1
192 386 296 44 196 27 461 493 264 251 120 159 2
102 195 258 26 188 0 261 245 264 219 86 150 3
123 195 260 36 188 27 629 597 264 235 101 153 4
118 203 264 38 196 27 485 493 264 251 102 151 5
95 195 259 38 188 11 261 245 264 219 85 150 6
118 195 265 58 196 43 613 615 264 251 121 155 7
118 195 265 51 212 27 501 493 264 251 115 161 8
94 195 258 34 188 0 261 261 264 219 93 158 9
118 195 264 42 196 27 517 533 264 235 113 156 10
120 195 270 44 196 27 461 493 264 235 110 15000 11
Chip#1
92 195 218 22 188 0 205 237 264 203 85 154 0
192 349 270 36 188 27 461 490 264 251 111 155 1
192 315 290 36 188 11 461 389 264 235 116 156 2
110 195 265 34 188 11 277 261 264 235 99 159 3
129 195 267 43 188 43 613 600 264 235 110 160 4
112 195 260 35 196 27 469 493 264 235 97 151 5
96 195 263 38 196 27 261 261 264 235 146 163 6
123 195 265 60 212 27 613 610 264 251 125 158 7
56 195 258 51 180 11 485 493 264 235 111 156 8
96 195 260 39 196 27 261 261 264 235 99 164 9
118 203 268 47 196 27 533 591 264 251 117 161 10
114 195 265 40 196 11 461 489 264 235 105 15000 11
