Chip#1
84 195 243 22 188 0 213 237 264 219 79 146 0
89 195 252 29 188 11 213 237 264 219 85 155 1
88 195 252 26 188 0 213 237 264 219 90 150 2
89 195 250 25 188 0 205 237 264 203 81 149 3
91 195 254 28 188 11 213 237 264 219 85 154 4
84 195 247 17 188 0 213 237 264 219 84 144 5
89 195 252 29 188 0 205 237 264 203 83 154 6
85 195 246 21 188 0 213 237 264 219 80 149 7
85 195 250 21 188 0 213 237 264 219 85 149 8
85 195 246 26 188 0 205 237 264 219 81 149 9
84 195 254 21 188 0 213 237 264 203 84 151 10
95 195 254 28 188 11 213 237 264 219 86 15000 11
Chip#1
92 195 249 29 188 0 205 237 264 219 84 150 0
40 195 254 28 188 0 213 237 264 203 86 151 1
98 195 256 34 188 11 229 237 264 219 89 157 2
105 195 264 39 188 11 213 237 264 219 97 161 3
89 195 250 22 188 0 213 237 264 203 84 149 4
89 195 251 29 188 0 213 237 264 203 86 154 5
87 195 254 33 188 0 213 237 264 219 85 152 6
92 195 254 33 188 0 213 237 264 219 91 155 7
89 195 258 31 188 0 213 237 264 203 88 158 8
84 195 249 24 188 0 205 237 264 203 81 152 9
81 195 245 19 188 0 205 237 264 203 80 149 10
87 195 247 22 188 0 205 237 264 203 85 15000 11
Chip#1
91 195 258 29 188 0 213 237 264 219 90 156 0
140 219 258 33 188 11 309 293 264 235 105 155 1
165 235 274 41 188 0 309 293 264 235 116 165 2
105 195 264 41 188 0 229 237 264 219 101 159 3
114 195 260 38 188 27 389 357 264 235 105 159 4
109 195 259 38 188 11 325 293 264 219 107 160 5
102 195 263 36 188 11 229 237 264 235 98 164 6
121 195 265 61 212 27 389 373 264 251 131 166 7
113 195 268 54 196 11 341 325 264 251 117 164 8
95 195 260 34 188 11 229 237 264 219 101 159 9
112 195 265 46 188 11 357 357 264 235 113 161 10
100 195 254 35 188 0 293 277 264 219 97 15000 11
Chip#1
92 195 255 30 188 11 213 237 264 219 91 163 0
161 235 269 43 188 11 341 309 264 251 111 165 1
165 251 269 38 188 11 325 309 264 251 108 154 2
105 195 258 29 188 0 229 237 264 219 97 163 3
117 195 267 43 188 27 461 373 264 235 107 160 4
106 195 255 34 188 11 325 309 264 235 98 152 5
102 195 260 36 188 11 229 237 264 219 93 160 6
118 195 265 66 212 27 461 480 264 267 126 164 7
110 195 259 51 196 11 341 325 264 235 111 159 8
92 195 251 31 188 11 229 237 264 219 91 156 9
111 195 264 46 196 27 373 465 264 251 113 158 10
118 195 270 48 196 27 309 309 264 235 113 15000 11
Chip#1
99 195 258 31 188 0 213 237 264 219 97 161 0
151 235 263 35 188 11 325 309 264 251 110 154 1
165 235 272 33 188 0 309 293 264 235 106 151 2
98 195 256 29 188 0 229 237 264 219 93 158 3
120 195 260 41 196 27 461 373 264 235 108 156 4
113 195 258 40 196 27 341 309 264 235 105 158 5
99 195 260 42 188 11 229 237 264 219 94 160 6
114 195 259 61 196 27 461 475 264 251 121 160 7
116 195 267 49 196 11 357 325 264 235 119 163 8
95 195 259 31 188 11 229 237 264 235 94 158 9
110 195 267 49 196 11 373 373 264 251 119 165 10
114 195 260 44 196 27 309 309 264 251 111 15000 11
Chip#1
96 195 256 29 188 0 213 237 264 219 89 152 0
164 235 269 38 188 11 325 293 264 235 113 160 1
162 251 273 29 188 11 325 293 264 251 110 156 2
99 195 256 34 188 0 229 237 264 219 90 153 3
118 195 260 38 188 11 461 357 264 219 107 154 4
110 195 264 39 196 11 325 309 264 235 107 155 5
96 195 258 35 188 11 229 237 264 219 91 156 6
110 195 258 56 196 11 461 373 264 251 116 154 7
56 195 261 47 180 0 341 309 264 235 115 158 8
100 195 256 36 188 11 229 237 264 235 97 155 9
116 195 264 47 188 27 373 468 264 251 115 161 10
111 195 260 38 196 27 309 325 264 251 111 15000 11
