Chip#1
96 94 94 97 88 92 103 89 89 94 92 92 0 244 123 3 23
103 100 93 104 93 99 107 97 95 95 100 98 1 0 0 0 0
98 96 92 98 97 99 103 98 97 95 95 91 2 0 0 0 0
105 101 97 99 97 100 103 98 95 99 102 98 3 0 0 0 0
103 100 98 98 104 100 103 98 95 98 102 94 4 0 0 0 0
96 96 88 99 93 98 103 92 95 94 96 93 5 0 0 0 0
99 94 88 98 89 95 103 89 91 93 94 91 6 0 0 0 0
105 105 98 104 104 103 107 103 97 100 105 104 7 0 0 0 0
105 99 94 102 93 98 105 97 94 99 104 99 8 0 0 0 0
100 99 93 98 96 95 108 94 95 93 95 94 9 0 0 0 0
108 105 94 106 104 98 111 101 97 99 105 98 10 0 0 0 0
100 96 85 98 93 96 111 98 95 98 99 15000 11 0 0 0 0
