Chip#1
80 195 247 20 188 0 205 237 264 203 81 150 0
89 195 255 29 188 0 205 237 264 219 90 155 1
89 195 218 24 188 0 205 237 264 203 86 149 2
96 195 247 28 188 0 205 237 264 219 90 154 3
89 195 249 26 188 0 213 237 264 219 85 150 4
87 195 252 26 188 0 213 237 264 219 89 155 5
85 195 249 25 188 0 205 237 264 203 83 151 6
78 195 218 20 188 0 205 237 264 203 77 140 7
89 195 249 25 188 0 205 237 264 219 88 152 8
88 195 247 25 188 0 213 237 264 219 84 154 9
92 195 247 30 188 0 205 237 264 219 88 150 10
89 195 218 22 188 0 205 237 264 203 81 15000 11
Chip#1
88 195 251 33 188 0 205 237 264 203 83 147 0
87 195 249 21 188 0 205 237 264 203 89 151 1
92 195 252 30 188 0 213 237 264 219 91 150 2
84 195 245 21 188 0 205 237 264 219 85 144 3
92 195 256 25 188 0 213 237 264 203 85 147 4
83 195 249 24 188 0 213 237 264 219 84 150 5
95 195 254 34 188 11 213 237 264 219 91 151 6
85 195 249 28 188 0 213 237 264 219 85 146 7
84 195 246 30 188 0 213 237 264 219 88 149 8
91 195 252 28 188 0 205 237 264 203 88 153 9
94 195 256 30 188 11 213 237 264 219 92 156 10
88 195 218 29 188 0 205 237 264 203 86 15000 11
Chip#1
94 195 256 29 188 0 205 237 264 219 93 159 0
151 235 261 34 188 11 309 293 264 251 108 155 1
157 235 270 38 188 11 309 293 264 251 107 155 2
95 195 260 34 188 11 229 237 264 219 99 155 3
118 195 270 49 188 27 389 357 264 235 115 164 4
112 195 263 40 196 27 325 309 264 235 105 155 5
96 195 263 38 188 11 229 237 264 219 97 160 6
116 195 269 62 212 27 389 373 264 267 125 159 7
99 195 254 41 188 11 325 309 264 235 105 153 8
94 195 258 35 188 11 229 245 264 235 97 156 9
105 195 263 43 196 11 357 357 264 235 111 160 10
107 195 259 42 196 11 293 309 264 235 99 15000 11
Chip#1
95 195 259 33 188 0 213 237 264 219 93 161 0
160 235 270 40 188 11 325 309 264 251 113 159 1
165 251 274 35 188 11 325 309 264 251 115 154 2
95 195 261 29 188 11 245 237 264 219 96 156 3
117 203 264 43 196 43 461 476 264 251 113 155 4
113 195 264 43 188 11 341 309 264 235 105 158 5
87 195 256 33 188 11 229 237 264 235 91 154 6
121 195 268 67 212 43 461 493 264 251 133 163 7
109 195 259 49 196 11 357 341 264 251 113 159 8
40 195 256 33 188 0 213 237 264 219 91 156 9
114 195 268 47 188 27 373 479 264 251 119 158 10
110 195 261 41 188 11 293 309 264 235 105 15000 11
Chip#1
99 195 259 38 188 0 213 237 264 219 92 160 0
165 235 265 41 188 11 325 293 264 235 115 158 1
169 251 274 39 196 11 325 309 264 251 115 159 2
101 195 255 33 188 0 229 237 264 219 94 156 3
113 195 264 40 196 27 461 474 264 235 110 159 4
121 195 274 53 196 27 341 325 264 235 115 170 5
95 195 256 34 188 11 229 237 264 235 91 154 6
112 195 261 60 196 11 461 484 264 251 127 160 7
107 195 261 49 188 11 341 325 264 235 112 159 8
96 195 252 36 188 11 229 237 264 219 93 156 9
112 195 265 46 188 11 357 373 264 235 115 155 10
113 195 267 44 188 11 309 309 264 235 107 15000 11
Chip#1
103 195 260 36 188 11 213 237 264 219 93 168 0
158 235 263 36 188 0 325 293 264 235 107 160 1
168 251 277 39 188 27 325 309 264 251 116 156 2
103 195 261 36 188 11 245 237 264 235 96 161 3
118 195 261 40 196 27 461 470 264 251 106 156 4
110 195 259 43 188 11 341 325 264 235 103 155 5
91 195 258 35 188 11 213 237 264 219 86 155 6
117 195 263 62 212 27 461 481 264 267 126 159 7
110 195 260 48 196 11 341 325 264 235 116 155 8
95 195 256 35 196 11 245 245 264 235 93 159 9
110 195 261 44 196 27 389 471 264 251 113 161 10
110 195 265 42 188 11 309 309 264 235 111 15000 11
