Chip#1
99 98 92 100 104 92 103 92 94 93 94 94 0
96 100 88 97 96 91 103 92 91 93 89 96 1
100 103 92 99 93 96 89 97 96 88 98 101 2
103 101 94 102 104 98 105 97 99 95 100 98 3
95 94 88 88 104 92 105 91 91 91 92 92 4
99 101 85 99 104 98 102 92 90 92 100 94 5
98 103 88 97 92 91 102 97 94 94 93 96 6
95 98 90 99 93 95 103 95 92 93 93 98 7
98 95 89 100 104 95 103 95 91 92 94 98 8
104 100 88 103 96 92 103 96 94 93 99 102 9
99 99 90 98 104 94 102 96 94 93 96 96 10
99 101 94 102 96 99 103 99 96 97 99 15000 11
Chip#1
100 104 95 103 95 100 106 96 98 97 105 97 0
105 109 98 106 104 98 111 105 101 101 106 103 1
101 103 92 100 104 92 106 103 97 98 101 98 2
103 101 94 102 93 100 103 95 95 94 96 99 3
105 100 95 98 96 98 103 98 95 97 99 99 4
104 109 98 104 104 99 106 103 97 99 104 107 5
101 101 93 106 104 100 105 102 97 100 104 101 6
98 96 84 98 91 92 105 92 91 92 98 93 7
104 100 92 107 100 95 109 106 104 98 104 101 8
109 107 92 103 101 102 112 103 100 99 106 104 9
99 98 90 97 96 91 102 92 94 93 99 97 10
103 101 89 102 98 96 105 99 98 97 98 15000 11
Chip#1
103 106 94 103 104 98 106 99 97 100 102 105 0
146 161 102 113 104 103 121 114 102 122 118 107 1
151 174 114 112 104 112 125 126 106 133 122 109 2
114 119 105 112 104 106 115 110 104 110 107 104 3
128 128 113 122 109 118 136 139 110 126 123 109 4
118 124 107 117 108 115 130 134 111 119 113 114 5
105 107 102 107 104 110 111 108 102 106 104 105 6
111 142 103 127 118 107 131 132 102 133 125 110 7
116 119 103 118 111 107 119 132 109 133 116 105 8
118 142 107 113 104 112 125 127 106 113 116 108 9
116 116 99 116 111 111 138 144 105 126 119 102 10
120 142 107 120 111 111 129 135 110 118 119 15000 11
Chip#1
125 142 112 118 104 114 119 124 111 117 118 117 0
177 197 113 122 104 112 130 135 115 145 136 111 1
187 212 127 118 108 112 132 136 121 146 138 115 2
119 135 107 114 104 111 115 125 110 115 116 109 3
139 148 116 130 122 122 150 151 126 141 138 113 4
129 140 112 130 119 118 141 144 115 134 129 113 5
120 118 111 126 117 118 126 130 119 122 122 117 6
131 146 117 150 139 120 150 155 126 152 147 121 7
129 140 109 137 122 119 141 145 116 140 134 115 8
111 116 103 112 104 111 123 129 108 113 115 109 9
127 140 113 128 120 116 161 168 114 145 136 115 10
135 143 117 130 124 126 148 154 121 137 133 15000 11
Chip#1
122 143 108 116 107 118 126 129 110 115 118 119 0
207 233 118 127 117 115 144 144 126 159 146 119 1
220 250 137 135 123 126 150 148 123 164 152 124 2
130 150 114 125 112 123 129 134 119 127 124 115 3
141 157 117 132 128 126 162 162 121 152 144 119 4
134 152 116 130 125 124 149 147 118 144 133 117 5
125 135 114 131 118 126 135 138 120 133 123 119 6
140 155 125 161 155 134 164 168 120 174 163 125 7
140 154 121 150 142 130 154 155 128 157 150 125 8
130 141 114 125 120 128 141 146 124 137 134 121 9
142 161 122 139 131 132 184 196 134 168 157 122 10
140 152 121 135 131 128 160 165 125 148 142 15000 11
Chip#1
134 138 119 126 116 126 129 134 126 131 127 126 0
228 259 128 136 123 123 155 152 125 169 161 121 1
245 290 159 147 135 135 165 164 136 182 187 132 2
135 152 117 128 117 124 136 140 129 133 128 121 3
152 168 126 142 135 132 177 172 133 160 154 120 4
146 168 130 142 144 135 168 164 135 156 151 127 5
131 141 119 134 127 135 138 144 124 136 130 128 6
147 163 122 179 167 138 176 179 131 186 180 126 7
156 166 132 168 156 143 170 171 135 172 167 137 8
136 145 128 134 131 138 148 151 135 142 144 131 9
152 168 127 156 145 143 203 211 138 181 173 126 10
144 160 122 146 136 134 171 178 135 152 150 15000 11
