Chipdp
165 1 12 48 48 48 48 48 48 48 48 48 48 48 48 65 83 81 82 77 49 54 52 50 48 51 57 49 48 48 49 49 56 54 52 0 208 4 16 1 0 0 0 0 4 10 4 11 4 10 5 11 5 4 7 4 8 4 7 5 8 5 4 4 4 5 4 4 5 5 5 4 1 4 2 4 1 5 2 5 4 10 1 11 1 10 2 11 2 4 7 1 8 1 7 2 8 2 4 4 1 5 1 4 2 5 2 4 1 1 2 1 1 2 2 2 4 10 10 11 10 10 11 11 11 4 7 10 8 10 7 11 8 11 4 4 10 5 10 4 11 5 11 4 1 10 2 10 1 11 2 11 4 10 7 11 7 10 8 11 8 4 7 7 8 7 7 8 8 8 4 4 7 5 7 4 8 5 8 4 1 7 2 7 1 8 2 8 4 10 4 11 4 10 5 11 5 4 7 4 8 4 7 5 8 5 4 4 4 5 4 4 5 5 5 4 1 4 2 4 1 5 2 5 4 10 1 11 1 10 2 11 2 4 7 1 8 1 7 2 8 2 4 4 1 5 1 4 2 5 2 4 1 1 2 1 1 2 2 2 4 10 10 11 10 10 11 11 11 4 7 10 8 10 7 11 8 11 4 4 10 5 10 4 11 5 11 4 1 10 2 10 1 11 2 11 4 10 7 11 7 10 8 11 8 4 7 7 8 7 7 8 8 8 4 4 7 5 7 4 8 5 8 4 1 7 2 7 1 8 2 8 4 4 10 5 10 4 11 5 11 4 4 7 5 7 4 8 5 8 4 4 4 5 4 4 5 5 5 4 4 1 5 1 4 2 5 2 4 1 10 2 10 1 11 2 11 4 1 7 2 7 1 8 2 8 4 1 4 2 4 1 5 2 5 4 1 1 2 1 1 2 2 2 4 10 10 11 10 10 11 11 11 4 10 7 11 7 10 8 11 8 4 10 4 11 4 10 5 11 5 4 10 1 11 1 10 2 11 2 4 7 10 8 10 7 11 8 11 4 7 7 8 7 7 8 8 8 4 7 4 8 4 7 5 8 5 4 7 1 8 1 7 2 8 2 4 3 10 4 10 3 11 4 11 4 3 7 4 7 3 8 4 8 4 3 4 4 4 3 5 4 5 4 3 1 4 1 3 2 4 2 4 0 10 1 10 0 11 1 11 4 0 7 1 7 0 8 1 8 4 0 4 1 4 0 5 1 5 4 0 1 1 1 0 2 1 2 4 9 10 10 10 9 11 10 11 4 9 7 10 7 9 8 10 8 4 9 4 10 4 9 5 10 5 4 9 1 10 1 9 2 10 2 4 6 10 7 10 6 11 7 11 4 6 7 7 7 6 8 7 8 4 6 4 7 4 6 5 7 5 4 6 1 7 1 6 2 7 2 
Chip#1
103 55 105 83 224 150 195 146 101 143 243 248 0
101 55 105 83 230 150 195 149 108 143 243 248 1
104 55 105 83 232 166 195 143 110 143 243 248 2
104 55 105 83 180 166 195 149 108 143 243 248 3
99 55 105 83 230 166 195 144 105 143 243 248 4
98 55 105 83 225 166 195 139 101 143 243 248 5
106 55 105 83 230 166 195 150 108 143 243 248 6
94 55 105 83 218 150 195 143 100 143 243 232 7
93 55 105 83 224 150 195 139 85 143 243 232 8
101 55 105 83 224 166 195 140 101 143 243 248 9
99 55 105 83 227 150 195 143 106 143 243 232 10
98 55 105 83 225 150 195 140 101 143 243 248 15000 11
Chip#1
94 55 105 83 222 150 195 136 102 143 243 232 0
99 55 105 83 225 166 195 138 102 143 243 248 1
89 55 105 83 217 166 195 128 80 143 234 232 2
105 55 105 83 230 166 195 145 107 143 243 248 3
99 55 105 83 228 166 195 140 100 143 243 248 4
150 55 105 83 223 166 195 134 96 143 243 248 5
94 55 105 83 222 150 195 137 98 143 243 248 6
105 55 105 83 229 166 195 145 106 143 243 248 7
98 55 105 83 223 166 195 138 103 143 243 248 8
150 55 105 83 225 166 195 145 101 143 243 248 9
150 55 105 83 223 166 195 139 102 143 243 248 10
99 55 105 83 222 150 195 138 82 143 243 232 15000 11
Chip#1
150 55 105 83 223 166 195 139 102 143 243 248 0
96 55 105 83 223 150 195 140 80 143 243 232 1
105 55 105 83 230 166 195 145 107 143 243 248 2
100 55 105 83 227 166 195 144 98 143 243 248 3
150 55 105 83 229 166 195 145 102 143 243 248 4
150 55 105 83 228 166 195 140 102 143 243 248 5
150 55 105 83 227 166 195 144 82 143 243 248 6
150 55 105 83 225 166 195 139 98 143 243 248 7
101 55 105 83 229 166 195 145 100 143 243 248 8
150 55 105 83 225 166 195 139 97 143 243 248 9
104 55 105 83 227 166 195 145 103 143 243 248 10
150 55 105 83 227 166 195 140 95 143 243 232 15000 11
