Chip#1
85 195 250 26 196 11 213 237 264 219 81 154 0
89 195 254 20 188 0 213 237 264 219 85 152 1
94 195 255 25 188 0 213 237 264 219 88 160 2
89 195 258 28 188 11 213 237 264 219 88 156 3
91 195 263 30 188 11 213 237 264 219 88 156 4
85 195 258 26 188 0 213 237 264 219 84 154 5
88 195 256 26 188 0 205 237 264 219 85 160 6
94 195 255 30 188 0 213 237 264 219 89 161 7
88 195 255 28 188 0 213 237 264 219 86 160 8
83 195 251 21 188 0 205 237 264 203 85 154 9
88 195 256 24 188 0 205 237 264 219 90 156 10
94 195 261 33 188 0 213 237 264 219 93 15000 11
