Chip#1
97 96 95 97 97 96 98 89 89 94 96 95 0
100 95 99 102 90 99 99 94 88 100 99 99 1
99 105 104 103 105 117 131 98 101 109 102 102 2
103 99 96 101 99 131 136 98 96 104 101 101 3
98 98 99 108 97 95 105 97 88 103 99 101 4
105 108 104 110 103 120 142 103 129 134 101 107 5
100 105 111 109 100 143 151 102 126 140 101 107 6
104 104 102 103 98 100 109 105 94 104 102 106 7
98 103 105 101 99 94 98 102 88 106 101 107 8
100 99 99 103 99 97 100 98 90 103 97 100 9
96 96 94 97 94 92 103 97 88 102 97 99 10
102 102 100 104 97 89 104 97 89 103 99 105 15000 11
Chip#2
99 98 94 99 101 97 99 97 98 95 98 104 0
102 102 94 98 97 97 105 102 99 95 105 104 1
106 99 94 102 102 102 102 101 106 99 105 108 2
103 96 94 99 97 100 102 98 101 99 99 106 3
103 99 94 95 98 98 105 96 99 92 101 103 4
97 93 94 97 98 93 95 97 95 92 99 102 5
104 107 94 107 111 106 107 104 106 99 106 109 6
99 95 94 95 94 93 110 118 97 100 118 106 7
107 99 92 102 101 102 116 116 104 100 115 106 8
106 106 95 104 105 104 102 107 104 97 105 112 9
103 94 95 100 96 102 113 119 99 96 105 98 10
106 100 95 99 98 101 110 111 99 100 103 103 15000 11
Chip#1
102 95 96 99 100 94 101 95 89 99 95 108 0
102 106 101 104 97 104 104 100 95 108 106 104 1
98 98 104 103 95 143 137 100 100 110 101 100 2
102 98 100 101 93 159 165 95 105 110 97 97 3
104 102 106 109 99 100 103 105 94 111 106 109 4
99 98 101 101 100 143 164 100 142 152 97 102 5
107 108 104 108 100 143 189 104 149 167 106 111 6
98 99 99 108 97 96 101 103 96 102 101 104 7
103 104 100 106 98 100 106 103 93 103 100 107 8
100 103 98 99 93 95 93 95 90 98 97 121 9
105 107 105 107 107 104 104 104 98 108 104 112 10
99 103 96 103 100 97 97 98 90 105 99 101 15000 11
Chip#2
99 96 92 97 95 98 102 96 99 92 99 100 0
106 95 92 100 99 100 103 100 98 95 103 103 1
103 104 99 99 103 100 106 102 103 102 102 108 2
104 98 99 102 101 104 102 104 99 95 102 107 3
104 99 99 100 102 97 101 104 100 95 102 108 4
103 95 99 98 97 96 94 98 100 95 99 104 5
100 104 95 107 106 101 102 102 101 93 105 107 6
102 95 95 97 98 94 124 137 100 115 138 106 7
103 96 95 104 102 97 117 129 104 106 122 108 8
103 100 92 100 101 98 101 107 103 96 101 107 9
110 106 95 107 103 105 121 138 107 100 110 112 10
100 94 95 98 93 90 106 118 95 89 102 94 15000 11
Chip#1
99 102 99 98 95 97 99 92 90 102 106 107 0
97 98 100 97 95 91 99 95 95 102 99 101 1
104 102 105 103 99 255 253 105 133 140 102 102 2
99 106 99 106 100 320 345 100 147 146 100 104 3
104 102 101 101 100 102 105 103 96 106 99 106 4
104 111 106 106 107 285 377 110 292 323 107 109 5
109 108 102 109 110 331 429 109 335 359 111 107 6
105 106 101 103 105 105 108 102 96 109 107 102 7
104 103 101 101 100 102 108 97 97 104 99 109 8
102 102 96 97 99 95 100 94 93 104 102 99 9
108 106 100 109 104 101 111 109 96 110 106 106 10
98 92 92 91 90 87 95 89 84 99 95 94 15000 11
Chip#2
106 99 95 99 97 98 105 100 100 96 102 107 0
100 93 95 92 94 93 88 93 88 89 94 100 1
107 103 95 100 105 104 102 104 99 97 103 106 2
103 100 92 99 105 105 103 107 101 97 106 108 3
110 106 96 105 109 108 107 107 105 104 107 113 4
110 104 94 104 109 108 103 110 101 103 106 113 5
104 100 94 103 105 105 109 112 99 106 114 109 6
106 99 94 100 101 105 277 410 112 281 365 122 7
107 104 94 100 102 104 221 295 108 194 271 116 8
110 103 98 100 105 105 111 120 104 102 107 111 9
104 96 97 100 101 98 234 345 113 128 139 108 10
106 102 94 99 105 102 191 264 110 111 127 107 15000 11
Chip#1
105 103 106 102 108 99 111 108 100 111 108 114 0
110 110 110 110 110 106 110 105 103 111 106 109 1
100 99 101 96 98 255 260 98 134 139 97 95 2
99 104 101 102 100 337 371 105 148 143 100 101 3
102 99 95 98 100 97 105 99 90 102 96 98 4
97 100 96 103 100 293 405 102 312 344 100 101 5
100 104 106 102 103 351 441 104 354 381 106 107 6
102 99 96 96 103 95 106 102 93 108 100 98 7
109 103 102 102 108 104 110 105 100 109 110 107 8
97 92 89 93 93 87 96 92 88 94 87 95 9
105 105 106 101 102 91 100 98 96 103 100 106 10
103 99 105 97 102 97 101 98 94 104 96 100 15000 11
Chip#2
108 103 94 100 99 100 103 100 98 96 101 103 0
103 100 94 100 102 104 107 101 101 96 103 106 1
103 100 94 100 99 100 102 97 98 95 102 106 2
96 99 94 99 95 98 99 97 100 92 94 103 3
106 107 94 107 102 104 109 105 103 99 101 108 4
100 100 94 100 105 97 103 101 99 97 103 108 5
106 103 94 104 99 100 110 116 105 103 115 109 6
103 96 94 98 98 94 364 556 117 346 476 125 7
107 99 94 98 102 106 248 394 117 246 361 124 8
104 100 96 98 102 102 111 126 104 97 106 113 9
106 104 95 105 103 104 329 498 130 146 171 116 10
106 106 96 104 107 104 236 364 116 126 147 108 15000 11
Chip#1
108 107 107 108 102 97 106 104 100 105 110 115 0
112 103 110 109 108 104 111 104 100 110 114 118 1
109 108 100 104 100 266 288 102 143 146 102 111 2
102 103 96 106 102 367 396 99 157 152 101 104 3
96 98 98 102 95 95 106 99 90 99 96 104 4
103 105 99 107 104 326 431 99 339 375 104 105 5
103 105 112 109 98 378 482 102 377 407 106 104 6
91 96 94 96 97 94 103 90 90 103 96 98 7
110 106 109 104 107 104 115 107 98 110 106 112 8
100 99 95 102 93 92 99 92 89 99 92 99 9
107 105 102 109 105 105 108 99 98 103 106 106 10
112 107 105 108 102 99 110 103 100 110 109 111 15000 11
Chip#2
103 100 92 103 98 101 106 98 101 96 98 108 0
106 104 94 103 106 100 110 104 101 95 103 111 1
102 96 94 99 99 97 99 104 95 99 101 107 2
104 103 95 105 103 104 109 105 105 97 102 106 3
107 100 99 104 105 104 106 107 101 97 109 111 4
103 100 94 107 105 101 109 106 99 97 99 104 5
99 103 94 97 102 94 106 116 99 99 114 103 6
104 104 98 102 107 104 374 561 122 352 486 130 7
103 93 98 94 97 94 245 394 107 239 354 113 8
108 107 100 110 113 111 122 134 109 108 110 112 9
110 104 100 104 105 106 327 496 126 145 180 113 10
100 102 96 102 99 102 230 359 113 119 145 102 15000 11
Chip#1
104 99 98 97 95 92 103 94 92 102 101 109 0
97 97 95 99 94 92 104 100 93 99 97 104 1
104 104 104 102 102 271 284 105 147 149 105 104 2
110 110 105 111 109 375 402 107 153 153 107 106 3
104 107 104 107 108 106 110 102 95 106 109 111 4
104 106 107 107 105 324 437 111 336 378 106 111 5
99 96 93 99 98 367 482 98 373 402 97 98 6
105 103 102 99 104 100 106 98 93 106 99 105 7
104 103 99 104 102 97 113 102 88 104 97 101 8
105 105 103 102 103 101 108 103 100 106 109 108 9
104 103 101 99 103 99 108 103 90 106 104 104 10
99 97 92 92 108 99 103 93 89 98 100 100 15000 11
Chip#2
103 99 96 103 101 100 102 100 97 96 105 107 0
104 103 96 108 102 102 102 107 104 100 106 109 1
104 100 96 102 105 104 102 104 101 103 106 107 2
110 107 95 109 106 101 111 105 106 103 106 107 3
106 103 95 105 103 104 105 106 101 96 103 108 4
106 99 95 105 106 102 103 105 103 99 101 108 5
110 103 100 104 107 104 116 123 105 103 122 109 6
111 104 95 108 101 109 378 573 125 356 490 136 7
102 106 95 108 106 105 251 395 111 250 360 117 8
107 106 98 104 109 108 116 135 109 104 111 109 9
102 102 95 102 101 101 322 490 122 142 166 107 10
104 100 94 104 103 102 230 357 111 124 142 101 15000 11
