Chip#1
88 195 250 22 188 0 205 237 264 203 84 149 0
89 195 252 30 188 0 213 237 264 219 86 155 1
92 195 258 35 188 11 213 237 264 219 92 155 2
89 195 251 26 188 11 213 237 264 219 146 152 3
91 195 247 26 188 0 213 237 264 203 84 151 4
89 195 256 33 196 11 229 237 264 235 89 152 5
89 195 256 35 188 11 213 237 264 219 88 156 6
88 195 249 28 188 0 213 237 264 219 85 151 7
99 195 256 34 188 0 213 237 264 203 90 159 8
96 195 259 33 188 11 213 237 264 219 96 159 9
85 195 246 24 188 0 213 237 264 203 84 145 10
95 195 254 30 188 0 205 237 264 203 83 15000 11
