Chipdp
120 0 0 2 16 6 4 7 9 7 10 8 9 8 10 4 10 9 10 10 11 9 11 10 4 7 6 7 7 8 6 8 7 4 10 6 10 7 11 6 11 7 4 7 3 7 4 8 3 8 4 4 10 3 10 4 11 3 11 4 4 7 0 7 1 8 0 8 1 4 10 0 10 1 11 0 11 1 4 4 9 4 10 5 9 5 10 4 1 9 1 10 2 9 2 10 4 4 6 4 7 5 6 5 7 4 1 6 1 7 2 6 2 7 4 4 3 4 4 5 3 5 4 4 1 3 1 4 2 3 2 4 4 4 0 4 1 5 0 5 1 4 1 0 1 1 2 0 2 1 4 7 0 7 1 8 0 8 1 4 10 0 10 1 11 0 11 1 4 7 3 7 4 8 3 8 4 4 10 3 10 4 11 3 11 4 4 7 6 7 7 8 6 8 7 4 10 6 10 7 11 6 11 7 4 7 9 7 10 8 9 8 10 4 10 9 10 10 11 9 11 10 4 4 0 4 1 5 0 5 1 4 1 0 1 1 2 0 2 1 4 4 3 4 4 5 3 5 4 4 1 3 1 4 2 3 2 4 4 4 6 4 7 5 6 5 7 4 1 6 1 7 2 6 2 7 4 4 9 4 10 5 9 5 10 4 1 9 1 10 2 9 2 10 
Chip#1
103 195 256 31 188 11 213 237 264 219 98 161 0
149 219 268 35 188 11 325 309 264 267 124 156 1
162 235 270 36 188 11 325 293 264 267 120 158 2
103 195 260 36 188 11 245 245 264 235 97 159 3
134 195 268 51 196 27 461 373 264 251 125 161 4
124 195 261 44 196 27 341 309 264 251 110 159 5
40 195 261 38 188 0 229 237 264 219 94 163 6
72 195 267 73 212 11 461 373 264 260 136 160 7
120 195 268 56 196 27 341 325 264 251 124 159 8
92 195 263 30 188 11 213 237 264 219 96 154 9
117 195 267 43 196 27 373 373 264 267 125 159 10
117 195 265 44 196 11 309 325 264 251 117 15000 11
Chip#1
102 195 261 34 188 0 213 237 264 219 102 164 0
192 315 281 46 188 27 461 357 264 267 130 158 1
200 400 292 43 196 27 389 448 264 283 129 155 2
107 195 264 40 188 0 245 245 264 219 94 158 3
143 203 267 51 196 43 533 493 264 251 122 160 4
131 203 265 46 196 27 461 373 264 251 111 154 5
98 195 261 38 188 11 245 245 264 235 97 156 6
125 203 264 71 212 27 533 493 264 267 131 152 7
136 203 269 68 212 43 461 493 264 267 133 161 8
95 195 255 31 188 0 245 245 264 219 99 156 9
129 203 264 47 196 27 461 493 264 267 125 156 10
121 195 261 46 196 11 341 357 264 251 115 15000 11
Chip#1
92 195 256 29 188 11 229 237 264 235 146 154 0
192 315 279 46 188 27 389 357 264 267 131 166 1
200 400 285 42 188 27 389 357 264 267 126 154 2
110 195 268 40 188 11 261 245 264 235 98 158 3
140 219 268 46 196 43 533 493 264 251 115 151 4
135 219 268 52 212 27 461 471 264 251 116 155 5
99 195 268 46 188 11 245 245 264 219 96 159 6
136 203 264 75 228 27 517 493 264 260 135 159 7
127 203 269 61 212 27 461 489 264 260 122 156 8
101 195 259 30 188 11 229 245 264 219 94 158 9
72 195 267 48 188 11 461 493 264 251 125 160 10
127 203 268 47 212 27 357 357 264 251 115 15000 11
Chip#1
98 195 251 28 188 0 213 237 264 219 90 156 0
192 299 276 39 188 0 389 341 264 251 130 158 1
192 411 294 47 188 11 389 341 264 267 130 163 2
110 195 260 36 188 0 245 198 264 219 97 154 3
150 219 276 53 196 43 533 493 264 251 126 164 4
146 219 276 57 212 27 461 481 264 251 121 168 5
98 195 261 41 196 11 245 245 264 235 96 158 6
132 203 267 72 228 43 517 493 264 260 131 156 7
136 203 270 61 212 27 461 493 264 251 125 161 8
96 195 259 34 188 0 229 245 264 219 94 150 9
141 203 274 57 196 27 461 493 264 267 133 169 10
125 203 268 44 196 11 357 357 264 251 113 15000 11
