Chip#1
99 100 90 94 104 96 105 95 91 93 99 101 0
105 106 93 104 104 102 108 101 97 94 98 100 1
104 101 97 103 104 94 105 97 95 101 99 98 2
104 100 93 100 104 103 102 97 97 92 102 100 3
98 100 92 98 104 92 102 92 92 86 96 94 4
95 104 93 98 104 100 102 98 96 94 101 102 5
104 103 93 102 100 96 103 96 94 97 99 103 6
106 105 95 108 104 103 109 107 101 100 106 102 7
95 94 89 97 93 96 102 93 89 87 96 97 8
101 101 85 98 104 92 102 97 91 94 96 101 9
104 103 92 102 104 98 106 101 100 94 101 101 10
99 101 93 103 104 96 103 98 95 95 100 15000 11
