Chipdp
120 0 0 2 16 6 4 7 9 7 10 8 9 8 10 4 10 9 10 10 11 9 11 10 4 7 6 7 7 8 6 8 7 4 10 6 10 7 11 6 11 7 4 7 3 7 4 8 3 8 4 4 10 3 10 4 11 3 11 4 4 7 0 7 1 8 0 8 1 4 10 0 10 1 11 0 11 1 4 4 9 4 10 5 9 5 10 4 1 9 1 10 2 9 2 10 4 4 6 4 7 5 6 5 7 4 1 6 1 7 2 6 2 7 4 4 3 4 4 5 3 5 4 4 1 3 1 4 2 3 2 4 4 4 0 4 1 5 0 5 1 4 1 0 1 1 2 0 2 1 4 7 0 7 1 8 0 8 1 4 10 0 10 1 11 0 11 1 4 7 3 7 4 8 3 8 4 4 10 3 10 4 11 3 11 4 4 7 6 7 7 8 6 8 7 4 10 6 10 7 11 6 11 7 4 7 9 7 10 8 9 8 10 4 10 9 10 10 11 9 11 10 4 4 0 4 1 5 0 5 1 4 1 0 1 1 2 0 2 1 4 4 3 4 4 5 3 5 4 4 1 3 1 4 2 3 2 4 4 4 6 4 7 5 6 5 7 4 1 6 1 7 2 6 2 7 4 4 9 4 10 5 9 5 10 4 1 9 1 10 2 9 2 10 
Chip#1
106 195 259 36 188 11 229 237 264 219 98 163 0
192 342 277 47 188 27 461 373 264 251 115 158 1
192 315 291 42 188 11 461 373 264 251 115 166 2
114 195 264 43 188 11 261 245 264 219 102 163 3
128 203 268 48 196 43 581 517 264 251 116 165 4
124 195 265 42 196 27 461 389 264 235 106 159 5
100 195 263 41 196 27 261 261 264 235 98 166 6
121 203 267 66 212 43 581 533 264 267 129 163 7
116 195 267 52 196 27 461 493 264 251 116 159 8
89 195 256 35 188 11 245 261 264 219 96 152 9
124 195 268 56 196 27 501 501 264 251 121 164 10
116 195 264 47 196 11 373 471 264 235 110 15000 11
Chip#1
106 195 261 34 188 11 229 237 264 235 96 164 0
192 349 279 52 196 27 461 472 264 251 124 170 1
192 315 294 46 188 27 461 373 264 251 120 168 2
110 195 265 42 188 11 277 261 264 235 98 164 3
125 195 263 42 196 43 581 517 264 251 108 160 4
120 195 267 46 196 27 461 389 264 235 107 160 5
103 195 261 40 188 11 245 245 264 219 99 163 6
121 195 263 62 212 43 565 517 264 251 125 161 7
120 195 264 49 196 11 461 493 264 235 110 159 8
102 195 261 39 188 11 261 245 264 235 101 158 9
121 203 270 49 196 27 501 501 264 251 122 163 10
116 195 264 46 180 11 389 373 264 235 106 15000 11
Chip#1
105 195 264 35 188 11 229 237 264 219 98 160 0
192 345 277 46 188 27 461 472 264 251 117 165 1
192 315 290 39 188 27 461 373 264 251 119 159 2
106 195 261 40 188 11 277 261 264 235 101 159 3
72 195 268 48 188 27 565 501 264 235 112 158 4
120 195 265 47 196 27 461 483 264 235 108 159 5
98 195 261 40 196 11 261 245 264 235 96 156 6
120 195 260 62 196 27 565 517 264 267 119 155 7
124 195 272 57 196 27 469 493 264 251 121 163 8
100 195 263 38 196 11 261 261 264 235 97 158 9
120 203 268 51 212 27 501 517 264 267 121 163 10
116 195 269 42 188 11 373 373 264 235 106 15000 11
Chip#1
95 195 252 29 188 0 213 237 264 219 90 154 0
192 331 269 33 188 11 461 373 264 251 110 154 1
192 370 292 40 196 27 461 373 264 251 113 163 2
107 195 267 40 188 0 261 208 264 219 96 160 3
124 195 267 42 196 27 565 501 264 235 108 156 4
123 203 272 44 196 27 461 483 264 235 103 158 5
103 195 264 42 188 11 261 245 264 235 99 164 6
114 195 261 49 196 27 549 501 264 251 116 150 7
117 195 268 56 196 11 461 493 264 251 113 159 8
95 195 264 42 188 11 261 261 264 235 105 161 9
118 203 272 53 196 43 501 501 264 251 122 160 10
106 195 263 44 188 11 373 373 264 235 110 15000 11
Chip#1
103 195 263 36 188 11 213 237 264 219 98 163 0
192 342 274 39 188 11 461 373 264 251 111 159 1
192 315 288 44 188 27 461 373 264 251 117 163 2
102 195 259 31 188 0 245 245 264 219 93 151 3
128 195 267 47 188 27 565 501 264 235 106 163 4
118 195 260 41 196 27 461 479 264 235 105 156 5
40 195 260 38 188 0 229 230 264 219 98 160 6
120 195 267 60 196 27 565 501 264 251 121 161 7
123 195 267 53 196 27 469 493 264 251 116 163 8
94 195 252 30 188 11 245 261 264 235 97 156 9
116 195 264 47 196 27 485 493 264 235 115 160 10
118 195 269 48 180 11 373 373 264 235 116 15000 11
Chip#1
99 195 265 36 188 11 229 237 264 235 96 164 0
192 335 272 36 188 27 461 373 264 251 113 156 1
192 367 283 38 188 27 461 466 264 251 115 154 2
98 195 256 35 188 11 277 245 264 219 92 152 3
128 203 265 47 196 43 581 517 264 251 115 156 4
117 195 264 40 196 27 461 484 264 235 106 154 5
98 195 258 38 188 11 261 245 264 235 94 158 6
117 195 264 58 212 27 565 517 264 251 122 158 7
112 195 256 44 188 11 461 493 264 235 105 152 8
96 195 254 35 188 11 245 245 264 235 96 156 9
121 195 263 48 196 27 485 501 264 251 119 156 10
114 195 264 41 188 11 373 373 264 235 108 15000 11
Chip#1
98 195 258 34 188 0 213 237 264 219 93 155 0
192 283 268 43 188 11 461 373 264 251 117 165 1
192 365 286 42 188 27 461 373 264 251 121 159 2
107 195 259 31 188 0 261 245 264 219 96 153 3
127 203 261 43 196 43 581 517 264 251 107 156 4
117 195 261 41 196 11 461 484 264 235 101 155 5
96 195 256 43 196 11 261 245 264 235 94 158 6
113 195 259 57 196 27 549 501 264 251 117 156 7
112 195 256 48 196 11 461 493 264 251 108 151 8
102 195 263 33 188 11 245 245 264 219 101 161 9
123 195 269 47 196 27 485 501 264 251 119 164 10
114 195 259 39 188 11 373 373 264 235 110 15000 11
Chip#1
95 195 255 30 188 11 229 237 264 235 93 155 0
192 338 279 43 196 27 461 471 264 251 115 160 1
192 362 285 40 188 11 461 373 264 251 111 155 2
114 195 272 40 188 11 261 261 264 235 103 161 3
127 195 264 42 196 27 565 517 264 235 110 159 4
118 203 264 42 196 27 461 489 264 235 105 160 5
98 195 264 36 188 11 245 245 264 219 96 159 6
125 203 265 63 212 43 565 517 264 251 122 161 7
110 195 260 49 196 27 469 493 264 251 111 159 8
96 195 255 33 188 0 245 245 264 219 93 150 9
117 195 265 47 196 27 501 501 264 251 122 158 10
110 195 260 44 188 11 373 373 264 235 105 15000 11
Chip#1
109 195 263 35 188 11 213 237 264 235 102 161 0
192 334 270 34 188 11 461 373 264 251 108 159 1
192 315 290 40 196 27 461 471 264 251 120 163 2
103 195 260 35 188 11 261 245 264 219 94 160 3
123 203 270 43 196 43 581 517 264 251 107 155 4
116 195 261 46 188 27 461 485 264 235 107 154 5
96 195 261 42 188 11 245 245 264 219 102 159 6
127 203 267 66 212 43 565 571 264 267 129 168 7
109 195 259 46 196 11 461 493 264 235 107 158 8
99 195 268 42 196 11 261 261 264 235 108 165 9
117 195 268 48 196 27 485 501 264 251 116 160 10
110 195 259 41 196 27 389 465 264 235 107 15000 11
Chip#1
92 195 255 26 188 0 213 237 264 219 92 154 0
192 335 273 38 188 11 461 373 264 235 113 160 1
192 366 289 41 196 27 461 468 264 251 112 159 2
107 195 263 38 188 11 261 245 264 219 99 158 3
127 203 264 47 196 43 565 501 264 235 108 160 4
127 203 269 47 196 27 461 488 264 235 112 166 5
96 195 259 40 196 11 245 245 264 235 91 158 6
123 195 263 63 196 27 565 517 264 251 119 158 7
117 195 269 60 196 27 469 493 264 251 119 163 8
95 195 259 36 188 0 245 245 264 219 97 159 9
118 195 261 41 188 27 485 501 264 235 119 158 10
114 195 263 41 196 11 373 373 264 235 103 15000 11
Chip#1
105 195 218 31 188 0 213 237 264 203 90 156 0
192 346 277 42 188 27 461 471 264 251 124 165 1
192 315 286 39 188 11 461 373 264 251 110 155 2
105 195 261 36 196 11 261 261 264 235 99 156 3
131 203 268 47 196 43 581 517 264 251 113 159 4
120 195 265 43 196 27 461 486 264 235 110 159 5
96 195 260 43 188 11 245 245 264 219 99 158 6
112 195 254 51 196 27 565 501 264 251 115 146 7
112 195 218 46 188 11 461 493 264 167 105 150 8
92 195 256 35 188 11 245 245 264 219 96 147 9
117 195 263 44 196 11 485 493 264 235 112 155 10
109 195 256 41 196 11 373 467 264 235 102 15000 11
Chip#1
102 195 259 34 188 11 213 237 264 219 96 160 0
192 334 273 38 188 11 461 373 264 251 111 160 1
192 363 283 40 188 11 461 373 264 251 115 154 2
102 195 265 34 196 11 277 261 264 235 96 157 3
127 203 268 47 212 59 581 517 264 251 113 160 4
121 195 268 44 196 27 461 389 264 235 108 160 5
98 195 263 38 188 11 245 245 264 219 101 158 6
118 195 261 57 212 27 565 517 264 251 122 158 7
112 195 264 52 196 27 461 493 264 235 107 159 8
96 195 264 39 188 0 245 245 264 219 99 156 9
110 195 258 41 188 27 485 493 264 235 106 154 10
116 195 268 42 188 11 373 373 264 235 111 15000 11
Chip#1
100 195 260 35 188 11 229 237 264 235 93 157 0
192 283 277 40 188 11 461 373 264 251 116 160 1
192 362 287 39 188 27 461 373 264 251 115 155 2
109 195 261 35 188 11 261 245 264 219 97 154 3
117 195 260 39 188 27 565 501 264 235 106 151 4
110 195 260 36 188 11 461 479 264 235 103 152 5
101 195 256 40 188 11 245 245 264 219 94 155 6
123 195 268 60 196 43 565 517 264 267 119 159 7
112 195 259 51 188 11 461 493 264 235 110 158 8
99 195 260 34 188 11 245 245 264 235 93 155 9
117 203 272 47 196 27 485 501 264 251 120 165 10
56 195 258 31 188 0 357 357 264 219 97 15000 11
Chip#1
98 195 258 31 188 0 213 237 264 219 91 158 0
192 283 276 41 188 11 461 373 264 251 113 161 1
192 364 285 40 196 27 461 465 264 251 112 155 2
107 195 260 34 188 11 261 245 264 219 94 156 3
72 195 272 43 188 27 565 501 264 235 111 159 4
118 203 267 47 196 27 461 488 264 235 107 160 5
100 195 258 41 196 27 261 261 264 235 99 157 6
128 203 268 67 212 27 565 517 264 251 124 161 7
116 195 263 44 188 11 461 493 264 235 108 154 8
98 195 252 34 188 0 245 261 264 219 93 154 9
123 195 265 43 188 11 485 501 264 235 113 155 10
112 195 258 40 196 11 373 373 264 235 101 15000 11
Chip#1
92 195 251 22 188 0 213 237 264 219 92 154 0
192 283 270 39 188 11 461 373 264 235 112 155 1
192 315 292 49 196 27 461 373 264 251 115 164 2
103 195 256 36 188 0 245 245 264 219 94 156 3
120 195 218 47 188 27 549 485 264 219 103 153 4
116 195 261 41 188 11 461 485 264 235 103 160 5
87 195 251 30 188 0 229 237 264 219 85 151 6
120 195 263 62 212 27 549 517 264 251 115 159 7
113 195 265 51 196 27 461 493 264 251 108 158 8
94 195 258 38 188 11 261 261 264 235 97 160 9
121 203 272 52 196 27 485 501 264 251 116 163 10
113 195 264 52 196 11 373 373 264 235 107 15000 11
Chip#1
98 195 254 30 188 0 213 237 264 219 92 156 0
192 337 273 40 188 27 461 373 264 251 107 160 1
192 362 286 35 188 11 461 373 264 235 112 155 2
106 195 259 34 188 11 261 245 264 219 96 158 3
118 203 268 43 196 43 581 517 264 251 107 155 4
114 195 264 36 188 11 461 389 264 235 102 156 5
99 195 264 42 196 11 245 245 264 235 99 160 6
116 203 269 61 212 43 581 533 264 267 121 160 7
110 195 261 47 196 11 461 493 264 235 108 156 8
98 195 256 38 196 11 261 261 264 235 96 161 9
120 203 265 46 196 27 485 517 264 251 115 160 10
117 195 268 47 196 11 389 373 264 235 107 15000 11
Chip#1
96 195 259 30 188 11 229 237 264 219 96 159 0
192 346 281 46 196 27 461 474 264 267 116 166 1
192 359 279 38 188 11 461 373 264 235 111 156 2
105 195 259 36 188 0 261 245 264 219 92 156 3
120 203 261 43 196 43 565 517 264 235 106 155 4
112 195 255 36 188 11 461 480 264 235 99 154 5
98 195 258 41 188 11 245 245 264 219 97 160 6
114 195 255 57 212 43 565 569 264 251 116 156 7
117 195 261 51 196 27 469 493 264 235 113 155 8
40 195 256 35 188 0 245 245 264 203 92 155 9
118 195 264 46 196 27 485 501 264 251 115 161 10
112 195 259 43 188 11 373 373 264 235 105 15000 11
Chip#1
98 195 252 31 188 0 213 237 264 219 90 156 0
192 342 283 44 196 27 461 481 264 251 120 166 1
192 358 285 36 188 11 461 373 264 251 108 152 2
109 195 259 33 188 11 261 245 264 235 94 152 3
128 203 270 47 196 43 581 517 264 251 112 160 4
111 195 256 36 188 27 461 481 264 235 99 151 5
95 195 263 41 188 11 261 245 264 235 99 160 6
120 195 256 61 196 27 549 501 264 235 121 155 7
116 195 260 48 196 27 469 493 264 251 111 159 8
103 195 264 41 188 11 261 261 264 235 99 158 9
112 195 268 44 196 27 501 501 264 251 112 156 10
121 195 267 44 196 27 373 476 264 235 110 15000 11
Chip#1
96 195 254 30 188 0 213 237 264 219 90 158 0
192 331 272 41 188 27 461 373 264 251 111 156 1
192 362 286 40 188 27 461 472 264 251 117 158 2
105 195 260 36 188 0 261 245 264 219 97 152 3
127 203 264 46 196 43 581 517 264 251 113 159 4
114 195 261 42 188 11 461 389 264 235 103 154 5
87 195 258 35 188 11 245 245 264 219 90 151 6
125 195 264 65 196 27 565 517 264 251 122 159 7
114 195 258 48 188 11 461 493 264 235 108 155 8
94 195 267 40 188 11 261 261 264 235 98 160 9
118 195 261 43 188 27 485 501 264 251 111 154 10
113 195 263 46 196 11 389 475 264 251 106 15000 11
Chip#1
102 195 260 38 188 11 229 237 264 235 96 163 0
192 333 274 36 188 27 461 373 264 251 108 158 1
192 315 288 42 188 11 461 373 264 235 116 158 2
112 195 264 39 188 11 261 245 264 219 102 161 3
128 195 265 40 188 27 565 501 264 235 106 156 4
120 195 263 39 196 27 461 481 264 235 101 149 5
102 195 269 46 188 11 245 245 264 219 97 163 6
121 195 264 62 196 27 565 517 264 251 113 160 7
121 195 264 57 196 11 469 493 264 251 115 156 8
100 195 259 36 188 11 261 261 264 235 97 159 9
120 203 269 46 196 43 501 501 264 251 115 163 10
113 195 263 41 188 11 373 466 264 235 103 15000 11
Chip#1
99 195 256 34 188 0 213 237 264 219 94 158 0
192 327 270 34 188 11 461 373 264 235 111 155 1
192 370 289 41 196 27 461 467 264 251 115 160 2
102 195 259 34 188 11 261 245 264 219 93 152 3
124 203 268 48 196 43 581 517 264 251 115 160 4
118 195 263 41 196 27 461 480 264 235 103 156 5
98 195 260 38 188 0 245 231 264 219 92 156 6
120 195 268 62 196 27 565 517 264 251 122 154 7
114 195 265 52 196 27 461 493 264 235 110 160 8
98 195 264 38 188 11 245 245 264 219 96 158 9
114 195 263 43 188 11 485 493 264 235 117 155 10
109 195 264 42 196 27 389 466 264 235 103 15000 11
Chip#1
94 195 260 34 188 11 229 237 264 219 94 160 0
192 335 274 41 188 11 461 373 264 235 115 163 1
192 365 278 40 188 27 461 373 264 251 112 150 2
107 195 255 36 188 11 261 245 264 219 98 158 3
120 195 260 43 188 27 565 501 264 235 107 155 4
123 195 265 49 188 27 461 389 264 235 107 158 5
95 195 260 38 188 11 245 245 264 235 97 154 6
118 195 263 61 196 43 565 517 264 251 120 161 7
110 195 256 43 196 11 461 493 264 235 110 151 8
94 195 255 35 188 11 245 245 264 219 93 155 9
125 203 267 53 196 27 501 501 264 251 119 165 10
117 195 264 43 188 11 373 373 264 219 105 15000 11
Chip#1
101 195 260 29 188 0 213 237 264 203 93 156 0
192 283 278 49 188 27 461 477 264 251 119 163 1
192 366 287 42 188 11 461 373 264 235 116 159 2
105 195 264 39 188 11 261 245 264 235 94 156 3
127 195 272 44 196 43 565 501 264 235 110 156 4
117 195 267 43 196 27 461 493 264 235 108 160 5
96 195 256 31 188 11 261 245 264 235 92 155 6
124 195 265 61 196 27 565 517 264 251 120 159 7
109 195 258 43 196 27 469 493 264 235 105 152 8
89 195 252 28 188 11 245 245 264 235 92 151 9
117 195 270 46 188 27 485 501 264 251 112 160 10
114 195 267 47 188 11 373 373 264 219 111 15000 11
Chip#1
95 195 256 30 188 0 213 237 264 203 89 156 0
192 283 276 40 188 27 461 373 264 251 119 164 1
192 367 292 43 188 11 461 373 264 251 119 163 2
107 195 264 34 188 11 261 245 264 219 93 156 3
125 203 263 44 196 43 627 517 264 251 110 161 4
114 195 263 42 188 11 461 481 264 235 99 155 5
95 195 259 35 188 11 245 245 264 219 94 159 6
123 203 265 61 212 43 565 517 264 267 124 161 7
116 195 259 51 196 11 461 493 264 235 110 159 8
96 195 256 38 188 11 245 261 264 219 98 158 9
117 195 267 43 196 27 501 501 264 251 110 158 10
116 195 263 44 188 11 373 373 264 235 108 15000 11
Chip#1
100 195 260 38 188 11 213 237 264 219 92 155 0
192 283 279 42 188 27 461 373 264 251 119 160 1
192 315 285 40 196 27 461 461 264 251 111 152 2
107 195 255 35 188 0 245 245 264 219 91 153 3
120 195 263 43 188 27 565 485 264 219 102 151 4
114 195 263 40 188 11 461 477 264 235 98 153 5
99 195 264 41 188 11 245 245 264 219 94 160 6
123 203 272 61 212 43 565 533 264 267 122 160 7
116 195 258 48 196 11 461 493 264 235 110 158 8
105 195 267 42 188 11 245 261 264 219 99 164 9
112 195 261 42 196 27 485 501 264 251 110 155 10
56 195 268 41 188 0 357 357 264 219 101 15000 11
Chip#1
98 195 252 30 188 0 213 237 264 219 89 154 0
192 335 268 35 188 11 461 373 264 235 105 156 1
192 363 288 40 188 27 461 373 264 251 113 155 2
109 195 264 47 188 27 277 245 264 235 99 158 3
124 195 261 46 188 43 565 501 264 235 108 158 4
117 195 258 39 196 27 461 486 264 235 101 159 5
91 195 250 33 188 0 245 237 264 219 89 151 6
121 195 260 58 196 27 565 517 264 251 117 158 7
110 195 256 46 196 27 461 493 264 251 107 152 8
95 195 258 35 188 11 245 261 264 235 98 158 9
109 195 260 39 188 11 469 493 264 235 106 158 10
113 195 261 46 188 11 373 373 264 235 110 15000 11
Chip#1
96 195 255 35 188 0 213 237 264 219 90 161 0
192 283 272 39 188 27 461 373 264 251 108 163 1
192 363 288 42 196 27 461 465 264 267 116 160 2
106 195 261 36 188 11 261 245 264 219 89 152 3
124 203 265 41 196 43 581 517 264 251 112 157 4
117 195 261 46 196 27 461 488 264 235 106 160 5
95 195 258 39 188 11 245 237 264 219 94 159 6
113 195 261 54 196 43 565 517 264 251 117 158 7
121 195 270 57 212 27 469 493 264 251 117 164 8
98 195 263 40 188 0 245 245 264 219 98 161 9
114 195 265 42 196 27 485 501 264 251 113 156 10
114 195 263 46 196 11 389 474 264 235 110 15000 11
Chip#1
105 195 263 39 188 11 213 237 264 219 97 159 0
192 341 273 42 196 27 461 470 264 251 116 160 1
192 299 281 31 188 11 461 373 264 235 108 158 2
113 195 263 34 188 11 261 245 264 219 101 160 3
114 195 256 36 188 27 565 501 264 235 98 149 4
112 195 259 42 188 11 461 485 264 235 99 156 5
89 195 254 31 188 0 245 237 264 219 90 155 6
117 195 258 57 196 27 565 517 264 251 115 159 7
117 195 270 54 196 27 469 493 264 251 113 163 8
98 195 258 34 188 11 245 261 264 235 97 161 9
118 203 267 43 196 27 485 501 264 251 117 160 10
114 195 258 38 196 11 373 470 264 235 102 15000 11
Chip#1
101 195 256 31 188 0 213 237 264 203 97 160 0
192 329 270 39 188 11 461 373 264 235 111 156 1
192 299 286 38 188 11 461 373 264 235 112 154 2
102 195 251 29 188 0 261 245 264 219 90 150 3
128 195 267 41 188 43 565 501 264 235 107 155 4
117 195 267 46 196 27 461 389 264 235 110 163 5
103 195 261 44 188 11 245 245 264 219 102 161 6
118 195 256 54 196 27 565 517 264 251 121 161 7
117 195 259 49 196 11 461 493 264 235 113 159 8
96 195 256 35 188 0 245 261 264 219 96 156 9
117 195 260 41 188 11 485 501 264 251 115 160 10
109 195 260 36 188 11 373 471 264 235 105 15000 11
Chip#1
99 195 251 31 188 0 213 237 264 219 92 158 0
192 267 264 30 188 11 461 357 264 235 102 154 1
192 299 282 41 188 27 461 472 264 251 116 156 2
107 195 265 38 188 11 245 245 264 219 97 160 3
131 195 272 48 188 43 581 517 264 235 111 160 4
116 195 264 42 196 27 461 488 264 235 106 159 5
96 195 259 38 188 11 245 245 264 219 93 156 6
124 203 265 63 212 43 631 533 264 267 121 164 7
114 195 258 48 196 27 469 493 264 251 162 155 8
96 195 258 35 188 11 261 261 264 235 93 160 9
120 195 270 49 196 27 485 501 264 251 120 161 10
113 195 260 39 196 11 373 468 264 235 106 15000 11
