Chipdp
84 2 82 2 16 6 4 10 6 11 6 10 7 11 7 4 7 6 8 6 7 7 8 7 4 4 6 5 6 4 7 5 7 4 1 6 2 6 1 7 2 7 4 10 9 11 9 10 10 11 10 4 7 9 8 9 7 10 8 10 4 4 9 5 9 4 10 5 10 4 1 9 2 9 1 10 2 10 4 10 3 11 3 10 4 11 4 4 7 3 8 3 7 4 8 4 4 4 3 5 3 4 4 5 4 4 1 3 2 3 1 4 2 4 4 10 0 11 0 10 1 11 1 4 7 0 8 0 7 1 8 1 4 4 0 5 0 4 1 5 1 4 1 0 2 0 1 1 2 1 4 10 6 11 6 10 7 11 7 4 7 6 8 6 7 7 8 7 4 4 6 5 6 4 7 5 7 4 1 6 2 6 1 7 2 7 4 10 9 11 9 10 10 11 10 4 7 9 8 9 7 10 8 10 4 4 9 5 9 4 10 5 10 4 1 9 2 9 1 10 2 10 4 10 3 11 3 10 4 11 4 4 7 3 8 3 7 4 8 4 4 4 3 5 3 4 4 5 4 4 1 3 2 3 1 4 2 4 4 10 0 11 0 10 1 11 1 4 7 0 8 0 7 1 8 1 4 4 0 5 0 4 1 5 1 4 1 0 2 0 1 1 2 1 
Chip#1
105 99 106 107 108 101 107 95 102 114 131 101 0
113 113 116 156 164 114 122 116 118 252 255 117 1
103 106 107 146 164 112 122 110 114 264 259 113 2
108 110 111 118 118 107 114 106 112 141 147 103 3
153 140 124 162 164 113 125 116 122 288 283 119 4
148 143 121 150 156 122 125 120 128 306 297 130 5
110 112 111 122 116 112 119 110 113 147 147 105 6
124 124 119 156 164 113 126 114 133 344 320 119 7
132 116 115 147 146 114 125 110 123 351 336 117 8
112 114 114 123 121 106 116 104 114 165 147 103 9
133 128 116 149 145 106 120 109 139 363 299 112 10
113 115 110 134 127 104 114 104 129 339 306 15000 11
Chip#1
110 104 107 112 115 111 105 102 104 114 131 105 0
132 112 112 156 165 115 121 116 114 247 253 117 1
109 113 111 147 167 117 127 118 122 266 265 118 2
105 109 105 112 115 104 104 101 99 136 147 96 3
152 137 119 158 158 113 117 116 115 278 275 114 4
143 127 112 142 164 109 117 112 118 289 282 118 5
117 115 117 122 126 117 120 109 115 148 147 107 6
121 119 112 161 150 115 120 115 127 342 313 114 7
137 117 115 152 164 111 120 112 126 344 331 118 8
132 113 112 118 118 113 119 111 112 166 163 107 9
138 129 116 147 164 108 119 115 140 355 291 111 10
137 121 115 141 133 113 120 116 136 343 306 15000 11
Chip#1
103 104 106 110 111 111 103 101 104 113 131 100 0
108 110 110 151 164 112 116 115 113 243 249 117 1
110 115 117 157 169 119 128 123 121 272 265 122 2
113 109 108 117 121 114 109 108 104 142 131 99 3
155 138 116 156 164 115 120 118 119 282 281 121 4
143 134 117 144 164 117 120 117 122 293 285 119 5
103 109 110 116 111 114 109 107 108 145 131 103 6
124 123 119 161 164 116 120 119 133 342 320 122 7
118 115 114 147 152 116 122 118 128 349 334 122 8
106 112 111 118 117 108 107 106 108 161 131 99 9
117 120 106 144 137 108 112 108 135 349 286 105 10
138 120 115 139 132 111 122 116 138 346 304 15000 11
Chip#1
111 106 108 117 117 106 111 103 108 117 131 102 0
109 110 109 152 164 108 121 110 108 239 248 113 1
110 113 115 153 167 121 130 120 123 269 261 122 2
118 115 112 123 127 117 115 110 109 146 147 106 3
153 135 119 155 151 114 119 112 114 274 280 117 4
149 134 121 152 164 115 126 117 125 300 292 125 5
113 112 116 115 119 113 112 108 107 143 147 103 6
141 123 120 156 164 112 122 117 127 344 315 118 7
146 127 120 156 164 120 127 122 136 355 340 132 8
116 107 108 118 118 113 115 106 109 161 147 113 9
144 129 116 150 164 114 122 114 164 359 297 117 10
140 122 117 139 164 111 125 117 164 346 313 15000 11
